,sc1,sc2,winnerid,numrounds,pseqc,iseqc,setc
0,0,18,0,11,1,2,1
1,2,0,1,4,2,1,1
2,0,50,0,7,1,2,1
3,0,80,0,3,1,2,1
4,26,0,1,4,1,1,2
5,0,80,0,6,2,1,1
6,0,80,0,4,2,0,2
7,69,0,1,4,1,1,2
8,2,0,1,6,1,1,2
9,29,0,1,4,2,0,2
10,12,0,1,4,3,0,1
11,80,0,1,4,2,2,0
12,0,6,0,9,3,0,1
13,15,0,1,1,1,2,1
14,0,69,0,8,1,2,1
15,5,0,1,13,1,2,1
16,0,20,0,9,2,1,0
17,80,0,1,4,1,2,1
18,0,80,0,5,1,1,2
19,80,0,1,3,2,2,0
20,7,0,1,1,1,1,2
21,2,0,1,6,3,0,1
22,3,0,1,10,1,1,2
23,62,0,1,6,1,1,2
24,0,72,0,8,1,1,2
25,6,0,1,14,1,2,1
26,40,0,1,4,1,1,2
27,0,2,0,12,1,1,2
28,13,0,1,5,1,1,2
29,0,20,0,8,2,0,2
30,0,34,0,7,1,2,0
31,32,0,1,10,1,1,2
32,9,0,1,11,1,1,2
33,0,2,0,12,2,0,2
34,13,0,1,11,1,3,0
35,7,0,1,7,1,2,1
36,0,14,0,14,2,0,2
37,15,0,1,11,1,1,2
38,5,0,1,7,1,1,2
39,0,10,0,9,2,1,0
40,0,19,0,13,2,1,1
41,0,80,0,7,2,1,1
42,19,0,1,10,1,1,2
43,28,0,1,10,1,1,2
44,51,0,1,9,2,1,1
45,47,0,1,5,2,1,1
46,0,19,0,6,1,2,1
47,46,0,1,11,2,1,1
48,0,12,0,16,1,3,0
49,9,0,1,9,1,1,2
50,5,0,1,3,1,1,2
51,36,0,1,5,2,0,2
52,0,53,0,7,1,2,1
53,0,80,0,5,1,2,1
54,34,0,1,11,1,1,2
55,53,0,1,8,2,1,1
56,12,0,1,10,1,3,0
57,42,0,1,11,1,1,2
58,2,0,1,7,2,1,1
59,0,5,0,7,1,2,1
60,72,0,1,3,1,1,2
61,6,0,1,9,1,1,2
62,59,0,1,8,2,0,2
63,80,0,1,3,4,0,0
64,0,51,0,5,2,1,1
65,0,77,0,5,1,1,2
66,20,0,1,4,2,1,1
67,0,53,0,7,2,1,1
68,14,0,1,2,2,1,1
69,3,0,1,11,1,1,2
70,0,80,0,5,2,2,0
71,0,80,0,3,1,1,2
72,0,37,0,7,3,0,1
73,61,0,1,6,4,0,0
74,19,0,1,8,3,1,0
75,5,0,1,7,2,1,1
76,0,79,0,8,1,2,1
77,11,0,1,10,1,1,2
78,0,42,0,2,2,0,2
79,70,0,1,4,1,2,1
80,0,21,0,5,2,0,2
81,0,22,0,6,1,1,2
82,8,0,1,7,3,1,0
83,0,8,0,6,1,1,2
84,19,0,1,4,1,1,2
85,5,0,1,10,3,0,1
86,80,0,1,21,1,2,1
87,11,0,1,11,2,0,2
88,4,0,1,4,1,2,1
89,0,25,0,8,2,1,1
90,15,0,1,4,1,1,2
91,8,0,1,7,2,1,1
92,78,0,1,4,3,0,1
93,0,38,0,3,1,1,2
94,0,24,0,14,2,1,1
95,80,0,1,12,1,1,2
96,13,0,1,3,1,2,1
97,0,46,0,13,1,2,0
98,0,17,0,11,1,1,2
99,2,0,1,11,1,1,2
100,29,0,1,4,1,1,2
101,0,15,0,8,1,2,1
102,28,0,1,3,1,1,2
103,80,0,1,8,1,2,1
104,21,0,1,5,2,1,1
105,0,77,0,1,2,2,0
106,19,0,1,8,2,1,1
107,80,0,1,1,1,2,1
108,0,40,0,7,2,2,0
109,66,0,1,5,2,2,0
110,11,0,1,17,1,2,1
111,7,0,1,10,2,1,1
112,66,0,1,6,2,1,1
113,2,0,1,13,2,0,2
114,14,0,1,12,3,0,1
115,0,69,0,7,1,1,2
116,52,0,1,1,1,2,1
117,44,0,1,5,1,1,2
118,2,0,1,7,2,1,1
119,0,4,0,9,3,1,0
120,0,66,0,6,3,0,1
121,0,3,0,8,2,2,0
122,45,0,1,9,1,1,2
123,0,17,0,5,1,1,2
124,3,0,1,8,2,1,1
125,54,0,1,5,2,1,1
126,0,5,0,6,1,2,1
127,0,80,0,5,1,1,2
128,11,0,1,4,2,2,0
129,0,43,0,8,2,1,1
130,80,0,1,8,1,1,2
131,0,62,0,4,1,1,2
132,16,0,1,10,1,2,1
133,53,0,1,6,2,0,2
134,44,0,1,9,2,1,1
135,0,44,0,2,2,1,1
136,25,0,1,7,1,2,0
137,80,0,1,8,1,2,1
138,80,0,1,8,2,1,1
139,80,0,1,5,1,2,1
140,46,0,1,13,1,1,2
141,0,80,0,2,2,2,0
142,0,20,0,13,2,0,2
143,41,0,1,9,3,1,0
144,0,12,0,5,2,0,2
145,0,17,0,3,1,2,1
146,0,49,0,5,1,2,1
147,0,49,0,5,2,1,1
148,3,0,1,9,1,1,2
149,0,80,0,14,2,1,1
150,48,0,1,1,1,2,1
151,0,80,0,8,1,1,2
152,0,80,0,9,3,0,1
153,13,0,1,7,1,1,2
154,0,15,0,13,1,1,2
155,0,4,0,9,1,1,2
156,4,0,1,7,1,3,0
157,0,80,0,6,1,1,2
158,0,8,0,7,1,2,1
159,0,57,0,7,1,3,0
160,0,17,0,6,2,0,2
161,41,0,1,2,1,3,0
162,2,0,1,6,1,1,2
163,0,23,0,5,2,1,1
164,3,0,1,6,1,1,2
165,0,80,0,7,2,0,2
166,32,0,1,7,1,3,0
167,0,48,0,14,1,1,2
168,13,0,1,7,1,1,2
169,18,0,1,9,2,1,1
170,37,0,1,7,1,2,1
171,59,0,1,4,1,2,1
172,0,53,0,3,2,1,1
173,0,3,0,6,1,2,1
174,0,7,0,10,1,2,1
175,41,0,1,5,2,2,0
176,47,0,1,5,1,2,1
177,0,44,0,10,1,1,2
178,26,0,1,13,1,2,1
179,15,0,1,7,1,1,2
180,14,0,1,4,1,2,1
181,20,0,1,14,2,1,1
182,10,0,1,10,2,2,0
183,0,41,0,13,2,1,1
184,0,68,0,7,1,1,2
185,14,0,1,17,1,1,2
186,4,0,1,4,2,0,2
187,53,0,1,9,1,1,2
188,80,0,1,5,2,1,1
189,8,0,1,3,1,1,2
190,0,53,0,12,1,1,2
191,65,0,1,3,1,3,0
192,0,20,0,4,1,2,1
193,15,0,1,7,1,1,2
194,80,0,1,15,1,1,2
195,15,0,1,6,1,2,1
196,0,11,0,5,1,2,1
197,0,80,0,7,2,1,1
198,0,54,0,12,3,0,1
199,80,0,1,5,2,1,1
200,54,0,1,5,2,0,2
201,2,0,1,4,2,0,2
202,0,68,0,6,1,2,1
203,0,18,0,8,2,1,1
204,57,0,1,7,3,1,0
205,0,8,0,3,1,1,2
206,0,56,0,7,1,1,2
207,0,74,0,2,2,1,1
208,28,0,1,3,1,1,2
209,15,0,1,3,1,2,1
210,49,0,1,13,1,1,2
211,80,0,1,6,2,1,1
212,2,0,1,6,2,0,2
213,0,69,0,7,2,1,1
214,0,20,0,3,1,2,1
215,0,80,0,2,2,1,1
216,0,54,0,6,1,2,0
217,0,64,0,8,1,1,2
218,6,0,1,6,2,0,2
219,2,0,1,10,3,0,1
220,80,0,1,2,2,1,1
221,0,12,0,13,3,0,1
222,0,80,0,1,1,2,1
223,57,0,1,9,1,1,2
224,2,0,1,2,1,1,2
225,9,0,1,13,2,1,1
226,31,0,1,6,1,1,2
227,80,0,1,5,1,2,1
228,0,20,0,14,2,1,1
229,80,0,1,6,2,1,1
230,80,0,1,3,1,3,0
231,0,75,0,12,2,1,1
232,0,15,0,2,1,2,1
233,28,0,1,5,1,1,2
234,56,0,1,6,3,1,0
235,0,22,0,6,2,0,2
236,0,11,0,13,3,0,1
237,80,0,1,5,1,2,1
238,80,0,1,5,2,1,1
239,0,80,0,4,1,2,1
240,52,0,1,5,2,0,2
241,0,80,0,3,2,1,1
242,0,80,0,2,1,2,1
243,60,0,1,3,1,2,1
244,21,0,1,8,1,1,2
245,0,3,0,11,1,1,2
246,0,2,0,13,4,0,0
247,36,0,1,8,1,1,2
248,0,14,0,6,2,1,1
249,63,0,1,8,1,1,2
250,80,0,1,4,1,1,2
251,0,2,0,10,2,1,1
252,0,9,0,11,2,1,1
253,71,0,1,2,1,1,2
254,0,14,0,6,2,1,1
255,0,45,0,3,3,1,0
256,40,0,1,5,1,3,0
257,74,0,1,1,1,2,1
258,11,0,1,10,2,1,1
259,38,0,1,9,3,1,0
260,51,0,1,5,3,0,1
261,0,67,0,7,3,0,1
262,2,0,1,9,1,1,2
263,0,30,0,9,2,1,0
264,0,39,0,5,2,0,2
265,80,0,1,5,1,1,2
266,39,0,1,2,2,1,1
267,0,80,0,4,1,2,1
268,0,80,0,12,3,1,0
269,9,0,1,10,2,2,0
270,2,0,1,13,1,2,1
271,0,5,0,8,2,1,1
272,7,0,1,4,1,2,1
273,0,58,0,2,3,0,1
274,0,2,0,8,2,1,1
275,80,0,1,6,2,0,2
276,0,57,0,4,3,0,1
277,0,27,0,2,1,1,2
278,54,0,1,11,1,2,1
279,0,63,0,9,1,2,1
280,2,0,1,9,1,1,2
281,29,0,1,5,2,1,1
282,0,6,0,6,1,2,1
283,13,0,1,4,1,1,2
284,16,0,1,7,1,1,2
285,0,80,0,3,1,1,2
286,0,4,0,4,2,1,1
287,80,0,1,5,2,2,0
288,44,0,1,2,1,2,1
289,0,77,0,10,1,1,2
290,0,18,0,4,3,1,0
291,20,0,1,10,3,0,1
292,0,28,0,5,2,1,1
293,14,0,1,9,1,2,1
294,12,0,1,6,2,0,2
295,59,0,1,4,2,1,1
296,14,0,1,11,1,1,2
297,12,0,1,4,1,1,2
298,0,14,0,8,2,1,1
299,3,0,1,11,3,1,0
300,60,0,1,3,3,1,0
301,9,0,1,5,1,2,1
302,16,0,1,5,1,2,1
303,0,64,0,10,2,1,1
304,0,79,0,3,2,1,1
305,0,28,0,7,2,0,2
306,15,0,1,6,1,1,2
307,77,0,1,9,1,1,2
308,10,0,1,7,1,2,1
309,15,0,1,4,1,2,1
310,0,35,0,4,1,2,1
311,0,54,0,9,1,2,1
312,0,76,0,7,1,2,1
313,46,0,1,9,2,1,1
314,80,0,1,13,2,1,1
315,9,0,1,8,1,1,2
316,80,0,1,9,2,1,1
317,4,0,1,11,1,2,1
318,0,4,0,11,2,0,2
319,7,0,1,5,2,1,1
320,0,68,0,9,1,1,2
321,32,0,1,4,1,1,2
322,0,3,0,6,1,1,2
323,53,0,1,8,1,1,2
324,0,53,0,5,2,0,2
325,12,0,1,7,2,1,1
326,80,0,1,6,1,1,2
327,0,43,0,9,1,1,2
328,0,12,0,6,2,1,1
329,5,0,1,11,2,1,1
330,0,80,0,3,1,1,2
331,54,0,1,6,2,2,0
332,0,80,0,0,1,2,1
333,10,0,1,14,1,1,2
334,30,0,1,11,1,1,2
335,61,0,1,9,2,2,0
336,0,7,0,7,1,1,2
337,3,0,1,6,2,2,0
338,0,20,0,9,1,1,2
339,0,47,0,1,3,0,1
340,76,0,1,1,1,1,2
341,52,0,1,9,2,1,1
342,2,0,1,12,3,0,1
343,4,0,1,9,1,3,0
344,0,66,0,2,3,1,0
345,10,0,1,12,1,2,1
346,32,0,1,9,2,0,2
347,57,0,1,5,1,2,1
348,6,0,1,8,2,2,0
349,63,0,1,3,2,2,0
350,21,0,1,10,1,2,1
351,2,0,1,18,1,2,1
352,0,19,0,14,1,1,2
353,0,28,0,6,1,3,0
354,80,0,1,4,1,2,1
355,12,0,1,6,1,2,1
356,5,0,1,12,1,2,1
357,40,0,1,1,1,2,1
358,0,57,0,19,2,1,0
359,0,80,0,4,1,1,2
360,0,23,0,5,2,0,2
361,0,22,0,3,2,1,1
362,0,68,0,1,1,2,1
363,0,16,0,10,2,0,2
364,10,0,1,5,2,0,2
365,0,60,0,10,1,3,0
366,0,80,0,3,1,1,2
367,73,0,1,7,1,1,2
368,11,0,1,5,2,1,1
369,80,0,1,3,2,1,1
370,80,0,1,2,2,1,1
371,0,13,0,4,2,2,0
372,0,11,0,9,3,0,1
373,0,19,0,17,1,1,2
374,0,73,0,8,2,2,0
375,0,17,0,9,1,2,1
376,80,0,1,3,1,1,2
377,50,0,1,7,1,1,2
378,0,80,0,6,1,1,2
379,2,0,1,7,1,2,1
380,3,0,1,13,1,1,2
381,0,10,0,2,1,2,1
382,0,71,0,6,2,2,0
383,0,56,0,1,2,0,2
384,0,52,0,4,1,1,1
385,0,76,0,3,1,1,2
386,9,0,1,5,1,1,2
387,5,0,1,3,1,1,2
388,77,0,1,7,1,3,0
389,0,4,0,14,1,1,2
390,0,24,0,19,3,0,1
391,37,0,1,12,2,0,2
392,0,12,0,8,1,2,1
393,5,0,1,10,1,1,2
394,0,3,0,7,1,2,1
395,0,11,0,8,1,2,1
396,2,0,1,6,2,2,0
397,80,0,1,7,3,1,0
398,0,7,0,6,2,1,1
399,0,55,0,2,3,0,1
400,0,62,0,8,2,2,0
401,0,17,0,7,1,1,2
402,0,7,0,9,1,1,2
403,80,0,1,4,1,1,2
404,27,0,1,9,2,1,1
405,0,73,0,0,1,2,1
406,0,78,0,2,2,1,1
407,12,0,1,5,1,2,1
408,0,80,0,14,1,3,0
409,0,32,0,15,1,1,2
410,63,0,1,10,2,2,0
411,0,69,0,5,1,1,2
412,80,0,1,10,2,1,1
413,35,0,1,9,2,1,1
414,0,18,0,7,1,1,2
415,58,0,1,6,1,3,0
416,0,8,0,4,2,2,0
417,10,0,1,5,2,1,1
418,3,0,1,7,2,1,1
419,8,0,1,8,4,0,0
420,22,0,1,7,2,1,1
421,0,7,0,13,1,2,1
422,30,0,1,3,2,2,0
423,5,0,1,8,3,0,1
424,0,80,0,1,1,2,1
425,30,0,1,15,1,2,1
426,11,0,1,4,1,1,2
427,0,80,0,3,2,1,1
428,0,50,0,7,2,1,1
429,0,5,0,11,2,1,1
430,0,43,0,2,1,1,2
431,13,0,1,17,2,1,1
432,0,13,0,7,2,0,2
433,0,30,0,2,2,2,0
434,56,0,1,6,1,1,2
435,0,79,0,8,2,1,1
436,0,34,0,5,1,1,2
437,0,67,0,5,2,2,0
438,0,45,0,3,1,1,2
439,78,0,1,16,1,1,2
440,0,76,0,7,1,1,2
441,0,80,0,3,1,1,2
442,0,56,0,17,1,2,1
443,12,0,1,12,1,3,0
444,0,3,0,11,2,1,1
445,63,0,1,6,3,1,0
446,53,0,1,15,2,0,2
447,0,24,0,10,2,1,1
448,15,0,1,8,1,2,1
449,4,0,1,16,1,1,2
450,57,0,1,3,2,1,1
451,80,0,1,8,1,2,1
452,0,80,0,13,2,0,2
453,0,75,0,12,1,1,2
454,5,0,1,3,2,0,2
455,0,22,0,7,3,0,1
456,24,0,1,5,2,2,0
457,80,0,1,3,1,1,2
458,0,32,0,3,2,2,0
459,4,0,1,8,1,2,1
460,0,8,0,10,2,1,1
461,7,0,1,6,1,1,2
462,0,15,0,4,2,1,1
463,74,0,1,7,2,1,1
464,6,0,1,10,2,2,0
465,11,0,1,7,2,1,1
466,2,0,1,9,2,1,1
467,0,80,0,11,1,1,2
468,14,0,1,7,2,1,1
469,0,71,0,3,1,1,2
470,16,0,1,7,2,2,0
471,11,0,1,4,3,1,0
472,0,10,0,3,1,1,2
473,60,0,1,4,1,2,1
474,0,20,0,7,2,0,2
475,0,19,0,6,2,0,2
476,0,80,0,5,2,1,1
477,14,0,1,5,1,1,2
478,31,0,1,3,1,2,1
479,0,22,0,10,2,2,0
480,0,36,0,4,2,2,0
481,2,0,1,13,2,2,0
482,59,0,1,5,1,3,0
483,3,0,1,6,2,0,2
484,80,0,1,8,1,2,1
485,48,0,1,9,1,3,0
486,80,0,1,3,2,1,1
487,0,9,0,7,2,0,2
488,0,6,0,4,1,1,2
489,0,54,0,4,2,1,0
490,40,0,1,7,1,1,2
491,0,34,0,12,1,3,0
492,2,0,1,11,2,1,1
493,0,4,0,6,1,1,2
494,50,0,1,6,1,3,0
495,0,69,0,5,1,3,0
496,17,0,1,5,2,1,1
497,0,74,0,3,1,1,2
498,43,0,1,6,1,1,2
499,12,0,1,5,1,2,1
500,0,12,0,7,2,1,1
501,0,3,0,9,3,0,1
502,23,0,1,6,2,0,2
503,0,30,0,4,2,1,1
504,0,23,0,5,2,0,2
505,0,29,0,10,2,1,1
506,11,0,1,7,3,0,1
507,0,17,0,11,1,2,1
508,14,0,1,6,1,1,2
509,43,0,1,9,2,0,2
510,0,47,0,6,2,2,0
511,64,0,1,8,1,1,2
512,80,0,1,2,1,2,1
513,0,4,0,7,2,1,1
514,19,0,1,7,2,1,1
515,0,19,0,4,3,1,0
516,0,80,0,6,1,1,2
517,14,0,1,2,2,1,1
518,3,0,1,6,4,0,0
519,11,0,1,7,1,2,1
520,0,19,0,6,2,1,1
521,50,0,1,11,1,1,2
522,7,0,1,5,1,2,1
523,0,78,0,13,1,1,1
524,80,0,1,2,1,2,1
525,49,0,1,14,1,1,2
526,12,0,1,7,1,1,2
527,58,0,1,5,1,2,1
528,25,0,1,4,1,3,0
529,0,80,0,11,3,1,0
530,8,0,1,6,2,1,1
531,0,50,0,12,1,2,1
532,0,4,0,6,1,1,1
533,0,80,0,2,2,1,1
534,0,13,0,5,1,2,1
535,0,19,0,8,1,1,2
536,4,0,1,13,1,1,2
537,0,19,0,8,2,2,0
538,0,80,0,6,2,1,1
539,0,11,0,4,3,0,1
540,80,0,1,4,4,0,0
541,15,0,1,3,1,2,1
542,0,15,0,3,1,2,1
543,0,80,0,6,1,1,2
544,23,0,1,9,2,1,1
545,14,0,1,4,1,1,2
546,5,0,1,9,1,1,2
547,0,63,0,8,4,0,0
548,6,0,1,5,2,1,1
549,41,0,1,5,1,2,1
550,0,80,0,2,1,1,2
551,0,11,0,14,3,1,0
552,0,80,0,9,1,1,2
553,57,0,1,3,2,1,1
554,76,0,1,8,2,1,1
555,62,0,1,7,3,1,0
556,27,0,1,5,1,2,1
557,0,20,0,4,2,1,1
558,0,25,0,4,1,2,1
559,0,3,0,4,1,1,2
560,0,49,0,7,2,1,0
561,0,19,0,7,2,0,2
562,13,0,1,8,1,2,1
563,0,31,0,2,2,2,0
564,14,0,1,6,3,1,0
565,0,51,0,8,2,1,1
566,18,0,1,7,1,2,1
567,0,12,0,3,1,1,2
568,0,34,0,5,1,2,1
569,0,66,0,6,1,2,1
570,0,24,0,4,2,1,1
571,8,0,1,22,1,2,1
572,33,0,1,6,2,1,1
573,12,0,1,9,1,1,2
574,41,0,1,12,1,2,1
575,0,20,0,7,1,1,2
576,0,32,0,7,1,2,1
577,52,0,1,7,2,1,1
578,5,0,1,6,2,1,1
579,33,0,1,6,2,1,1
580,0,3,0,15,1,2,1
581,80,0,1,6,1,1,2
582,0,4,0,11,1,2,1
583,0,80,0,4,3,0,1
584,10,0,1,6,1,1,2
585,8,0,1,7,2,0,2
586,40,0,1,3,2,1,1
587,0,80,0,4,2,1,1
588,68,0,1,4,1,2,1
589,0,9,0,13,1,2,1
590,0,5,0,7,2,1,1
591,3,0,1,10,1,2,1
592,38,0,1,3,3,1,0
593,0,9,0,5,1,2,1
594,0,13,0,8,1,1,2
595,0,58,0,7,1,1,2
596,14,0,1,11,1,1,2
597,6,0,1,12,2,0,2
598,6,0,1,6,3,0,1
599,0,80,0,4,3,0,1
600,4,0,1,8,1,1,2
601,80,0,1,12,1,2,1
602,3,0,1,14,2,0,2
603,0,28,0,1,1,2,1
604,0,80,0,4,1,2,1
605,0,4,0,10,2,1,1
606,0,80,0,1,1,1,2
607,47,0,1,3,2,2,0
608,0,12,0,6,2,1,1
609,2,0,1,6,1,2,1
610,0,80,0,4,2,1,1
611,0,15,0,4,1,1,2
612,80,0,1,3,1,2,1
613,62,0,1,4,1,2,1
614,80,0,1,4,2,1,1
615,0,47,0,10,4,0,0
616,0,40,0,2,2,2,0
617,0,9,0,11,1,1,2
618,51,0,1,5,1,2,1
619,71,0,1,6,1,3,0
620,80,0,1,4,3,0,1
621,50,0,1,8,2,1,1
622,80,0,1,3,1,1,2
623,26,0,1,11,3,0,1
624,29,0,1,6,1,3,0
625,0,8,0,12,4,0,0
626,31,0,1,9,1,2,1
627,4,0,1,6,2,2,0
628,0,2,0,12,2,1,1
629,0,80,0,7,2,0,2
630,0,80,0,2,1,1,2
631,47,0,1,5,2,2,0
632,0,26,0,8,1,1,2
633,32,0,1,16,1,3,0
634,3,0,1,4,2,2,0
635,2,0,1,9,1,1,2
636,80,0,1,4,1,3,0
637,12,0,1,2,1,1,2
638,0,40,0,9,1,1,2
639,4,0,1,4,1,1,2
640,80,0,1,4,1,1,2
641,80,0,1,6,1,2,1
642,9,0,1,6,1,1,2
643,0,40,0,7,2,2,0
644,0,80,0,5,1,2,1
645,4,0,1,8,2,0,2
646,34,0,1,15,1,2,1
647,33,0,1,10,1,1,2
648,3,0,1,9,3,1,0
649,0,19,0,16,2,0,2
650,2,0,1,10,2,0,2
651,10,0,1,7,4,0,0
652,80,0,1,2,1,1,2
653,21,0,1,6,3,1,0
654,0,14,0,11,3,1,0
655,0,80,0,3,1,1,2
656,18,0,1,3,1,2,1
657,0,80,0,5,2,2,0
658,3,0,1,8,2,1,1
659,32,0,1,14,2,1,1
660,59,0,1,3,2,0,2
661,9,0,1,3,1,1,2
662,53,0,1,6,1,1,2
663,0,17,0,7,1,1,2
664,0,57,0,2,1,2,1
665,60,0,1,7,1,1,2
666,0,12,0,12,2,1,1
667,0,9,0,12,2,0,1
668,0,76,0,5,1,3,0
669,9,0,1,9,1,2,1
670,5,0,1,8,2,1,1
671,80,0,1,5,1,2,1
672,0,12,0,10,2,0,2
673,0,24,0,19,2,1,1
674,0,24,0,3,2,1,1
675,0,24,0,4,2,2,0
676,0,6,0,6,2,1,0
677,55,0,1,5,1,2,1
678,14,0,1,10,3,0,1
679,0,40,0,3,1,2,1
680,6,0,1,6,1,1,2
681,0,7,0,11,1,1,2
682,2,0,1,11,3,1,0
683,0,80,0,6,2,1,1
684,19,0,1,9,1,2,1
685,2,0,1,7,2,1,1
686,0,21,0,9,1,1,2
687,13,0,1,9,2,1,1
688,0,56,0,15,2,0,2
689,0,10,0,3,1,1,2
690,0,29,0,12,2,1,1
691,0,80,0,4,1,1,2
692,4,0,1,13,1,1,2
693,0,2,0,7,4,0,0
694,23,0,1,6,1,2,1
695,2,0,1,7,2,1,1
696,0,79,0,5,1,1,2
697,27,0,1,6,2,1,1
698,0,47,0,8,1,1,2
699,50,0,1,3,1,1,2
700,80,0,1,9,2,1,1
701,0,34,0,5,2,2,0
702,5,0,1,7,2,2,0
703,0,15,0,5,1,1,2
704,29,0,1,3,2,0,2
705,0,17,0,5,1,2,1
706,4,0,1,12,2,1,1
707,0,16,0,7,2,0,2
708,33,0,1,6,1,1,2
709,50,0,1,11,2,0,2
710,0,80,0,6,1,1,2
711,53,0,1,6,1,1,2
712,24,0,1,12,1,2,1
713,40,0,1,9,1,1,2
714,9,0,1,6,1,2,1
715,5,0,1,4,1,2,1
716,0,55,0,1,1,3,0
717,0,4,0,14,1,1,2
718,34,0,1,2,1,3,0
719,0,80,0,3,2,2,0
720,5,0,1,8,2,0,2
721,10,0,1,6,1,1,2
722,57,0,1,9,2,1,1
723,0,29,0,5,2,1,1
724,0,18,0,7,1,2,1
725,0,80,0,5,2,2,0
726,80,0,1,10,2,1,1
727,18,0,1,4,1,1,2
728,19,0,1,7,1,2,1
729,3,0,1,8,1,1,2
730,0,80,0,9,2,0,2
731,48,0,1,5,1,1,2
732,0,20,0,4,1,1,2
733,19,0,1,9,1,1,2
734,0,39,0,8,2,1,1
735,0,25,0,10,2,1,1
736,0,9,0,6,2,1,1
737,0,80,0,3,3,1,0
738,0,56,0,6,2,2,0
739,0,8,0,4,2,0,2
740,7,0,1,5,2,1,1
741,80,0,1,11,1,2,1
742,0,2,0,10,4,0,0
743,80,0,1,3,2,1,1
744,0,80,0,2,1,1,2
745,0,77,0,6,2,0,2
746,13,0,1,7,3,0,1
747,2,0,1,7,2,2,0
748,4,0,1,6,2,1,1
749,11,0,1,10,1,1,2
750,0,27,0,9,1,2,1
751,16,0,1,10,1,2,1
752,45,0,1,8,1,1,2
753,40,0,1,2,3,1,0
754,80,0,1,4,1,2,1
755,8,0,1,4,2,1,1
756,0,13,0,12,2,0,2
757,0,73,0,3,2,1,1
758,0,53,0,10,2,0,2
759,0,80,0,3,2,1,1
760,0,9,0,9,3,1,0
761,0,20,0,7,1,2,1
762,20,0,1,6,2,1,1
763,14,0,1,9,2,1,1
764,50,0,1,5,1,2,1
765,55,0,1,3,1,2,1
766,0,9,0,8,1,1,2
767,0,18,0,10,4,0,0
768,0,14,0,8,3,0,1
769,80,0,1,8,2,1,1
770,21,0,1,15,2,1,1
771,4,0,1,14,2,1,1
772,0,28,0,2,1,2,1
773,12,0,1,14,1,2,1
774,0,6,0,4,2,1,1
775,36,0,1,4,3,0,1
776,10,0,1,7,1,1,2
777,0,2,0,10,3,0,1
778,0,20,0,6,1,1,2
779,0,10,0,7,2,0,2
780,11,0,1,4,1,1,2
781,7,0,1,14,1,2,1
782,44,0,1,5,2,2,0
783,20,0,1,5,1,1,2
784,24,0,1,1,2,1,1
785,0,23,0,8,2,1,1
786,0,67,0,12,3,0,1
787,0,80,0,0,2,2,0
788,8,0,1,13,1,1,2
789,0,37,0,3,1,1,2
790,80,0,1,8,1,2,1
791,0,8,0,10,2,1,1
792,63,0,1,3,2,2,0
793,0,26,0,4,2,0,2
794,0,40,0,1,1,2,1
795,34,0,1,9,3,1,0
796,23,0,1,10,1,1,2
797,21,0,1,4,1,1,2
798,0,80,0,5,1,1,2
799,4,0,1,7,2,1,1
800,0,24,0,4,1,1,2
801,0,9,0,17,2,1,1
802,14,0,1,11,1,1,2
803,0,24,0,4,1,1,2
804,8,0,1,9,1,2,1
805,73,0,1,2,1,3,0
806,54,0,1,4,3,1,0
807,62,0,1,3,1,1,2
808,4,0,1,6,1,2,1
809,0,79,0,9,2,1,1
810,35,0,1,8,1,1,1
811,36,0,1,6,2,0,2
812,0,18,0,4,1,1,2
813,0,65,0,4,1,1,2
814,0,76,0,5,1,1,2
815,19,0,1,6,2,1,1
816,25,0,1,7,2,2,0
817,0,68,0,6,2,2,0
818,0,19,0,5,3,1,0
819,0,19,0,5,1,1,2
820,0,16,0,11,1,1,2
821,69,0,1,9,2,1,1
822,31,0,1,6,3,0,1
823,69,0,1,8,2,0,2
824,0,40,0,3,1,1,2
825,27,0,1,6,1,1,2
826,0,80,0,6,1,1,2
827,0,20,0,5,1,1,2
828,13,0,1,15,1,1,2
829,0,80,0,5,1,1,2
830,76,0,1,7,2,1,1
831,0,60,0,7,2,2,0
832,0,69,0,4,2,2,0
833,4,0,1,5,1,2,1
834,62,0,1,4,1,1,2
835,0,16,0,9,2,1,1
836,0,27,0,6,2,2,0
837,0,76,0,19,2,1,1
838,64,0,1,4,1,2,1
839,80,0,1,7,2,1,1
840,0,63,0,5,2,0,2
841,31,0,1,10,1,2,1
842,32,0,1,8,1,3,0
843,0,80,0,3,2,0,2
844,0,45,0,4,1,2,1
845,4,0,1,7,2,1,1
846,29,0,1,4,1,2,1
847,77,0,1,2,2,1,1
848,0,18,0,11,2,1,1
849,0,23,0,5,1,2,1
850,80,0,1,5,1,2,1
851,48,0,1,5,1,2,1
852,2,0,1,8,1,2,1
853,7,0,1,5,1,2,1
854,0,80,0,11,1,1,2
855,0,36,0,12,2,1,1
856,0,35,0,10,1,1,2
857,80,0,1,6,2,0,2
858,0,19,0,8,1,1,2
859,0,80,0,1,1,3,0
860,0,80,0,5,1,2,1
861,3,0,1,6,2,1,1
862,4,0,1,15,1,2,1
863,35,0,1,3,1,2,1
864,0,71,0,4,3,1,0
865,24,0,1,5,1,1,2
866,0,80,0,1,1,1,2
867,3,0,1,8,2,1,1
868,7,0,1,5,1,2,1
869,0,60,0,5,1,2,1
870,12,0,1,6,1,2,1
871,2,0,1,8,2,0,2
872,13,0,1,8,3,1,0
873,0,80,0,5,2,1,0
874,0,41,0,2,2,1,1
875,3,0,1,8,1,2,1
876,0,80,0,6,1,2,1
877,0,31,0,4,2,0,2
878,0,80,0,1,1,2,1
879,0,67,0,8,1,1,2
880,75,0,1,3,1,1,2
881,80,0,1,2,2,1,1
882,0,41,0,10,1,3,0
883,0,79,0,5,2,0,2
884,0,2,0,8,1,2,1
885,80,0,1,2,1,1,2
886,32,0,1,5,2,1,1
887,26,0,1,2,1,1,2
888,21,0,1,18,1,2,1
889,0,38,0,1,2,2,0
890,22,0,1,4,2,2,0
891,0,12,0,13,3,1,0
892,31,0,1,2,1,1,2
893,0,22,0,1,1,1,2
894,0,9,0,12,1,2,1
895,13,0,1,4,1,1,2
896,0,22,0,4,3,1,0
897,0,25,0,9,1,2,1
898,15,0,1,7,1,2,1
899,7,0,1,22,3,1,0
900,0,35,0,5,1,2,1
901,3,0,1,18,1,2,1
902,18,0,1,3,1,2,1
903,80,0,1,11,1,1,2
904,0,80,0,5,3,1,0
905,17,0,1,5,2,1,1
906,3,0,1,12,2,1,1
907,0,80,0,9,1,2,1
908,0,14,0,9,1,2,1
909,22,0,1,9,2,0,2
910,0,20,0,5,1,1,2
911,0,51,0,6,2,0,2
912,76,0,1,2,1,1,2
913,0,33,0,5,2,1,1
914,2,0,1,13,3,1,0
915,2,0,1,7,2,1,1
916,0,80,0,4,2,0,2
917,39,0,1,10,2,1,1
918,0,78,0,11,1,1,2
919,0,12,0,7,3,0,1
920,0,80,0,7,2,0,2
921,0,24,0,7,2,0,2
922,0,80,0,10,2,0,2
923,15,0,1,10,1,2,1
924,73,0,1,7,1,1,2
925,80,0,1,1,1,2,1
926,46,0,1,7,2,1,1
927,0,6,0,9,1,1,2
928,2,0,1,9,1,1,2
929,72,0,1,3,1,2,1
930,0,6,0,16,1,2,1
931,0,18,0,7,1,1,2
932,41,0,1,7,3,0,1
933,16,0,1,6,2,2,0
934,20,0,1,5,2,2,0
935,0,80,0,6,1,1,2
936,0,43,0,3,1,2,1
937,75,0,1,3,2,1,1
938,0,28,0,3,1,1,2
939,0,10,0,8,1,3,0
940,0,80,0,5,1,1,2
941,0,10,0,12,2,1,1
942,0,38,0,15,1,1,2
943,0,77,0,2,1,2,1
944,0,14,0,4,1,2,1
945,76,0,1,4,2,1,1
946,0,80,0,4,1,2,1
947,26,0,1,3,1,1,2
948,0,73,0,6,1,2,1
949,60,0,1,3,2,2,0
950,0,74,0,3,2,1,1
951,80,0,1,13,3,1,0
952,57,0,1,4,1,2,1
953,0,13,0,4,2,1,1
954,0,69,0,9,2,0,2
955,80,0,1,6,1,2,1
956,0,27,0,7,2,1,1
957,3,0,1,8,2,1,1
958,0,40,0,7,1,1,2
959,0,30,0,9,1,1,2
960,0,26,0,2,1,2,1
961,27,0,1,11,1,2,1
962,80,0,1,2,1,2,1
963,74,0,1,3,2,2,0
964,0,10,0,5,3,0,1
965,11,0,1,21,2,1,1
966,35,0,1,10,2,1,1
967,0,10,0,9,1,1,2
968,28,0,1,4,1,2,1
969,0,2,0,12,1,2,1
970,0,67,0,3,1,2,1
971,0,80,0,5,2,0,2
972,0,25,0,7,3,1,0
973,22,0,1,8,1,3,0
974,0,28,0,7,1,2,1
975,0,80,0,6,1,1,2
976,0,9,0,4,2,0,2
977,0,15,0,9,1,1,2
978,30,0,1,6,1,2,1
979,15,0,1,11,2,1,1
980,0,80,0,3,1,1,2
981,0,17,0,6,2,0,2
982,0,16,0,9,3,0,1
983,0,38,0,12,1,2,1
984,0,12,0,5,4,0,0
985,0,80,0,3,3,1,0
986,16,0,1,15,1,2,1
987,80,0,1,2,1,1,2
988,0,68,0,15,1,2,1
989,2,0,1,9,1,1,2
990,0,2,0,3,2,0,2
991,0,2,0,10,2,2,0
992,16,0,1,4,1,1,2
993,0,80,0,5,1,2,1
994,72,0,1,3,1,1,1
995,58,0,1,7,2,1,1
996,0,29,0,5,1,2,1
997,0,60,0,2,3,1,0
998,3,0,1,8,1,2,1
999,7,0,1,12,3,1,0
1000,20,0,1,7,2,2,0
1001,0,75,0,5,1,2,1
1002,11,0,1,8,1,1,2
1003,16,0,1,8,2,2,0
1004,42,0,1,2,1,2,1
1005,0,45,0,3,2,1,1
1006,0,51,0,5,2,2,0
1007,0,25,0,7,3,0,1
1008,0,8,0,8,2,1,1
1009,0,2,0,1,1,1,1
1010,23,0,1,8,2,2,0
1011,32,0,1,7,1,1,2
1012,68,0,1,3,2,0,2
1013,12,0,1,4,1,2,1
1014,13,0,1,11,2,1,1
1015,46,0,1,4,1,3,0
1016,18,0,1,3,1,2,1
1017,0,79,0,1,1,2,1
1018,22,0,1,4,1,2,1
1019,26,0,1,11,3,1,0
1020,0,71,0,5,1,2,1
1021,0,80,0,4,2,2,0
1022,30,0,1,4,1,1,2
1023,8,0,1,9,1,1,2
1024,6,0,1,10,2,1,1
1025,0,57,0,4,1,1,2
1026,0,49,0,8,1,2,1
1027,4,0,1,7,2,0,2
1028,0,7,0,2,1,2,1
1029,10,0,1,8,1,1,2
1030,0,56,0,14,3,1,0
1031,0,14,0,13,1,2,1
1032,48,0,1,8,2,1,1
1033,0,80,0,12,2,1,1
1034,65,0,1,8,1,1,2
1035,35,0,1,10,2,1,1
1036,0,19,0,6,1,1,2
1037,80,0,1,9,1,1,2
1038,10,0,1,8,1,1,2
1039,28,0,1,15,1,2,1
1040,0,46,0,10,1,2,1
1041,41,0,1,3,1,1,2
1042,0,22,0,8,1,1,2
1043,0,2,0,13,1,2,1
1044,0,39,0,13,1,3,0
1045,0,70,0,9,1,2,1
1046,0,80,0,5,1,1,2
1047,0,6,0,9,2,0,2
1048,0,13,0,3,2,0,2
1049,0,65,0,4,1,1,2
1050,80,0,1,7,1,2,1
1051,27,0,1,4,2,1,1
1052,0,18,0,10,1,2,1
1053,0,32,0,6,2,1,1
1054,0,77,0,3,1,1,2
1055,2,0,1,7,2,2,0
1056,0,19,0,11,4,0,0
1057,4,0,1,4,2,1,1
1058,15,0,1,12,1,1,2
1059,23,0,1,7,2,1,1
1060,6,0,1,10,2,1,1
1061,80,0,1,2,2,1,1
1062,0,7,0,11,2,2,0
1063,0,58,0,10,1,2,1
1064,0,44,0,7,3,0,1
1065,62,0,1,9,1,2,1
1066,0,3,0,12,1,1,2
1067,0,29,0,0,1,2,1
1068,0,63,0,5,1,2,1
1069,48,0,1,11,2,0,1
1070,31,0,1,4,1,3,0
1071,0,80,0,10,1,1,2
1072,0,14,0,11,2,0,2
1073,0,61,0,8,2,0,2
1074,0,40,0,0,1,2,1
1075,76,0,1,4,2,1,1
1076,0,7,0,8,2,2,0
1077,0,16,0,9,1,1,2
1078,0,4,0,4,1,1,2
1079,11,0,1,4,2,1,1
1080,0,39,0,9,2,1,1
1081,19,0,1,4,2,2,0
1082,33,0,1,5,2,1,1
1083,0,75,0,1,2,2,0
1084,2,0,1,12,2,1,1
1085,15,0,1,6,2,0,2
1086,6,0,1,10,1,1,2
1087,0,4,0,5,1,2,1
1088,11,0,1,9,1,1,2
1089,19,0,1,6,1,1,2
1090,0,80,0,4,1,2,1
1091,6,0,1,10,1,2,1
1092,12,0,1,8,1,1,2
1093,0,80,0,6,1,1,2
1094,0,80,0,1,1,1,2
1095,0,13,0,10,2,0,2
1096,0,24,0,2,1,1,2
1097,7,0,1,15,1,1,2
1098,54,0,1,3,1,3,0
1099,0,80,0,6,2,1,1
1100,20,0,1,6,1,1,2
1101,0,34,0,5,1,1,2
1102,0,24,0,12,2,0,2
1103,27,0,1,5,2,1,1
1104,44,0,1,10,2,0,2
1105,0,65,0,2,1,1,2
1106,3,0,1,14,1,2,1
1107,0,18,0,15,1,2,0
1108,17,0,1,13,1,3,0
1109,0,80,0,4,1,1,2
1110,80,0,1,4,1,2,1
1111,3,0,1,7,2,1,1
1112,64,0,1,6,1,1,2
1113,0,80,0,11,1,1,2
1114,0,27,0,9,1,1,2
1115,0,80,0,0,1,2,1
1116,0,35,0,14,2,1,1
1117,3,0,1,14,3,1,0
1118,13,0,1,4,1,2,1
1119,11,0,1,6,2,0,2
1120,80,0,1,4,1,2,1
1121,0,80,0,2,1,2,1
1122,18,0,1,5,1,1,2
1123,0,59,0,6,1,1,2
1124,18,0,1,9,1,2,1
1125,0,77,0,5,2,2,0
1126,29,0,1,3,2,2,0
1127,0,50,0,5,1,2,1
1128,30,0,1,7,2,1,1
1129,62,0,1,8,2,0,2
1130,2,0,1,8,1,3,0
1131,0,22,0,7,3,1,0
1132,0,58,0,5,1,2,1
1133,22,0,1,9,1,1,2
1134,0,20,0,5,2,2,0
1135,65,0,1,7,1,3,0
1136,23,0,1,7,1,1,2
1137,0,80,0,13,2,0,2
1138,0,61,0,3,1,2,1
1139,0,12,0,10,2,2,0
1140,6,0,1,9,2,2,0
1141,0,8,0,1,1,1,2
1142,80,0,1,6,2,1,1
1143,0,19,0,10,1,2,1
1144,0,80,0,8,1,1,2
1145,0,23,0,5,3,0,1
1146,70,0,1,6,2,0,2
1147,0,51,0,5,2,2,0
1148,70,0,1,6,2,0,2
1149,0,80,0,10,1,3,0
1150,46,0,1,5,2,0,2
1151,2,0,1,6,3,0,1
1152,80,0,1,3,1,1,2
1153,24,0,1,6,1,1,2
1154,0,22,0,7,2,1,1
1155,0,20,0,9,2,1,1
1156,0,70,0,3,1,1,2
1157,0,80,0,8,1,1,2
1158,44,0,1,3,2,1,1
1159,70,0,1,7,2,1,1
1160,7,0,1,16,1,2,1
1161,37,0,1,6,4,0,0
1162,32,0,1,5,1,2,1
1163,0,2,0,9,2,0,2
1164,0,63,0,8,2,0,2
1165,0,80,0,8,1,2,1
1166,56,0,1,2,2,1,1
1167,0,48,0,9,2,0,2
1168,60,0,1,6,1,1,2
1169,80,0,1,3,1,2,1
1170,18,0,1,13,2,1,1
1171,0,71,0,9,3,1,0
1172,9,0,1,5,1,2,1
1173,3,0,1,10,1,2,1
1174,7,0,1,8,1,2,1
1175,2,0,1,3,1,2,1
1176,0,20,0,1,2,0,2
1177,4,0,1,7,1,1,2
1178,34,0,1,18,2,0,2
1179,0,80,0,7,1,1,2
1180,80,0,1,19,1,3,0
1181,10,0,1,7,1,3,0
1182,0,14,0,5,1,2,1
1183,60,0,1,4,1,2,1
1184,0,80,0,11,3,0,1
1185,0,6,0,8,2,0,2
1186,0,80,0,3,2,1,1
1187,0,68,0,8,2,2,0
1188,0,76,0,2,1,2,1
1189,16,0,1,13,2,0,2
1190,0,7,0,5,2,1,1
1191,0,20,0,4,2,0,2
1192,0,26,0,3,3,0,1
1193,0,7,0,13,1,1,2
1194,80,0,1,2,1,2,1
1195,0,79,0,1,1,3,0
1196,0,22,0,5,1,3,0
1197,66,0,1,2,1,2,1
1198,21,0,1,6,3,0,1
1199,0,41,0,2,2,1,1
1200,17,0,1,8,1,1,2
1201,0,80,0,1,1,1,2
1202,0,78,0,14,2,0,2
1203,80,0,1,3,1,1,2
1204,0,4,0,12,3,0,1
1205,80,0,1,2,2,0,2
1206,0,50,0,6,1,1,2
1207,37,0,1,12,1,1,2
1208,0,80,0,5,2,2,0
1209,0,47,0,3,1,1,2
1210,6,0,1,10,2,1,1
1211,0,50,0,11,3,0,1
1212,0,35,0,5,2,1,1
1213,0,10,0,7,1,1,2
1214,0,80,0,3,1,2,1
1215,80,0,1,3,1,1,2
1216,48,0,1,3,1,2,1
1217,0,80,0,12,2,1,1
1218,0,67,0,3,3,0,1
1219,32,0,1,14,2,1,1
1220,61,0,1,3,1,2,1
1221,0,17,0,16,2,0,2
1222,56,0,1,4,1,2,1
1223,0,6,0,11,1,1,2
1224,64,0,1,7,1,1,2
1225,0,57,0,4,1,1,2
1226,4,0,1,6,2,1,1
1227,0,2,0,5,2,1,1
1228,0,15,0,8,2,0,2
1229,0,80,0,3,1,1,2
1230,51,0,1,8,1,2,1
1231,21,0,1,5,1,2,1
1232,11,0,1,7,1,1,2
1233,0,10,0,13,2,0,2
1234,42,0,1,9,1,2,1
1235,64,0,1,4,1,1,2
1236,70,0,1,11,2,1,1
1237,80,0,1,2,2,2,0
1238,80,0,1,7,1,3,0
1239,62,0,1,6,2,1,1
1240,49,0,1,4,2,1,1
1241,63,0,1,6,1,1,2
1242,0,22,0,18,3,0,1
1243,6,0,1,11,2,0,2
1244,0,80,0,13,4,0,0
1245,80,0,1,5,1,2,1
1246,0,73,0,9,2,1,1
1247,80,0,1,12,1,2,1
1248,0,62,0,1,1,2,1
1249,52,0,1,9,2,2,0
1250,56,0,1,7,1,1,2
1251,12,0,1,2,1,3,0
1252,0,15,0,9,1,2,1
1253,80,0,1,6,1,1,2
1254,53,0,1,4,2,0,2
1255,2,0,1,5,2,1,1
1256,0,80,0,6,1,1,2
1257,0,19,0,9,1,1,2
1258,12,0,1,9,2,0,2
1259,0,48,0,6,2,0,2
1260,0,18,0,7,2,1,1
1261,0,70,0,6,1,3,0
1262,0,9,0,5,1,3,0
1263,37,0,1,5,1,1,2
1264,21,0,1,5,1,2,1
1265,13,0,1,12,3,0,1
1266,32,0,1,11,2,1,1
1267,65,0,1,2,1,2,1
1268,34,0,1,5,2,1,1
1269,80,0,1,7,2,2,0
1270,0,80,0,2,1,1,2
1271,80,0,1,6,1,1,2
1272,0,5,0,7,2,1,1
1273,0,67,0,9,1,2,1
1274,0,22,0,33,2,0,2
1275,0,77,0,4,3,1,0
1276,0,15,0,11,1,1,2
1277,0,80,0,6,1,1,2
1278,0,7,0,2,2,0,2
1279,63,0,1,4,2,2,0
1280,10,0,1,6,2,1,1
1281,4,0,1,5,2,1,1
1282,80,0,1,6,1,1,2
1283,0,10,0,6,2,1,1
1284,0,22,0,5,1,2,1
1285,0,27,0,2,1,1,2
1286,14,0,1,6,3,1,0
1287,0,2,0,10,1,1,2
1288,49,0,1,1,1,2,1
1289,13,0,1,10,1,2,1
1290,2,0,1,2,1,1,2
1291,3,0,1,10,1,1,2
1292,0,22,0,6,1,1,2
1293,0,2,0,16,1,1,2
1294,0,80,0,1,2,1,1
1295,14,0,1,2,2,2,0
1296,80,0,1,11,2,1,1
1297,0,67,0,11,3,0,1
1298,0,30,0,14,1,2,1
1299,5,0,1,8,2,1,1
1300,10,0,1,4,2,1,1
1301,44,0,1,1,1,1,2
1302,0,56,0,15,2,2,0
1303,3,0,1,7,2,1,1
1304,3,0,1,4,1,1,2
1305,62,0,1,8,2,0,2
1306,69,0,1,5,1,2,1
1307,10,0,1,15,1,1,2
1308,0,3,0,11,2,0,2
1309,50,0,1,9,2,1,1
1310,0,53,0,7,2,1,1
1311,0,80,0,6,2,2,0
1312,46,0,1,4,1,1,2
1313,0,51,0,7,2,0,2
1314,15,0,1,8,1,1,2
1315,36,0,1,2,2,1,1
1316,6,0,1,12,1,2,1
1317,9,0,1,7,2,1,1
1318,0,80,0,4,2,0,2
1319,66,0,1,4,1,1,2
1320,8,0,1,7,2,0,2
1321,0,16,0,7,1,2,1
1322,5,0,1,9,2,0,1
1323,7,0,1,7,2,1,1
1324,4,0,1,3,1,2,1
1325,0,40,0,2,1,2,1
1326,46,0,1,2,2,0,2
1327,0,39,0,4,1,2,1
1328,0,10,0,5,2,2,0
1329,0,8,0,11,1,1,2
1330,80,0,1,5,1,1,2
1331,80,0,1,3,1,1,2
1332,3,0,1,16,2,2,0
1333,35,0,1,3,1,1,2
1334,0,80,0,9,1,1,2
1335,3,0,1,8,1,1,2
1336,6,0,1,18,2,0,2
1337,21,0,1,6,2,1,1
1338,0,80,0,8,1,1,2
1339,29,0,1,8,1,1,2
1340,17,0,1,10,1,1,1
1341,0,24,0,13,1,1,2
1342,61,0,1,7,2,0,2
1343,9,0,1,7,1,2,1
1344,12,0,1,7,1,1,2
1345,10,0,1,7,1,2,1
1346,40,0,1,5,1,3,0
1347,27,0,1,7,3,0,1
1348,14,0,1,4,2,1,1
1349,0,12,0,6,1,1,2
1350,80,0,1,2,1,3,0
1351,0,80,0,4,1,1,2
1352,11,0,1,13,2,1,1
1353,80,0,1,11,2,1,1
1354,24,0,1,10,2,1,1
1355,5,0,1,12,1,2,1
1356,80,0,1,5,1,2,1
1357,80,0,1,5,1,1,2
1358,2,0,1,7,1,1,2
1359,0,7,0,10,2,0,2
1360,0,80,0,9,2,1,1
1361,80,0,1,3,1,3,0
1362,0,74,0,4,2,2,0
1363,80,0,1,6,1,2,1
1364,0,56,0,9,2,1,1
1365,80,0,1,3,1,1,2
1366,0,46,0,14,2,2,0
1367,6,0,1,8,2,1,1
1368,21,0,1,9,2,0,2
1369,0,18,0,11,1,1,2
1370,8,0,1,4,2,1,1
1371,3,0,1,9,1,1,2
1372,79,0,1,2,3,1,0
1373,59,0,1,7,2,0,2
1374,27,0,1,5,1,1,2
1375,45,0,1,5,1,1,2
1376,4,0,1,10,2,1,1
1377,15,0,1,6,1,1,2
1378,0,6,0,8,2,0,2
1379,73,0,1,3,2,1,1
1380,27,0,1,6,1,2,1
1381,62,0,1,9,2,1,1
1382,3,0,1,7,1,1,2
1383,80,0,1,5,3,1,0
1384,0,51,0,8,1,2,1
1385,0,16,0,2,1,1,2
1386,3,0,1,9,1,1,2
1387,3,0,1,17,2,1,1
1388,0,31,0,13,2,0,2
1389,9,0,1,9,1,1,2
1390,2,0,1,13,2,0,2
1391,11,0,1,8,2,1,1
1392,69,0,1,4,1,2,1
1393,0,49,0,10,2,0,2
1394,2,0,1,6,1,1,2
1395,0,80,0,4,3,0,1
1396,0,33,0,3,1,2,1
1397,0,12,0,6,1,1,2
1398,29,0,1,5,2,1,1
1399,0,80,0,5,2,2,0
1400,0,65,0,6,3,0,1
1401,40,0,1,11,1,2,1
1402,0,78,0,4,2,2,0
1403,68,0,1,4,1,2,1
1404,63,0,1,3,1,2,1
1405,4,0,1,10,3,1,0
1406,7,0,1,10,1,1,2
1407,0,26,0,7,2,1,1
1408,47,0,1,6,2,1,1
1409,80,0,1,2,1,2,1
1410,0,54,0,17,3,0,1
1411,8,0,1,8,1,1,2
1412,0,80,0,7,1,2,1
1413,0,20,0,14,1,2,1
1414,12,0,1,3,3,1,0
1415,4,0,1,1,1,1,2
1416,2,0,1,3,1,1,2
1417,0,7,0,10,2,0,2
1418,3,0,1,12,2,0,2
1419,0,80,0,6,2,2,0
1420,8,0,1,6,2,1,1
1421,0,8,0,6,2,0,2
1422,2,0,1,12,2,0,2
1423,2,0,1,15,3,0,1
1424,8,0,1,7,1,2,1
1425,2,0,1,4,2,2,0
1426,52,0,1,7,1,2,1
1427,64,0,1,3,2,2,0
1428,24,0,1,6,1,1,2
1429,55,0,1,7,1,1,2
1430,0,11,0,6,1,2,1
1431,0,80,0,4,3,1,0
1432,0,25,0,6,1,1,1
1433,2,0,1,3,2,2,0
1434,0,13,0,3,2,1,1
1435,21,0,1,4,1,3,0
1436,0,17,0,7,2,1,1
1437,0,56,0,7,1,1,2
1438,26,0,1,11,1,3,0
1439,0,13,0,8,1,1,2
1440,4,0,1,10,1,3,0
1441,5,0,1,15,3,1,0
1442,0,76,0,3,2,0,2
1443,13,0,1,7,2,1,1
1444,2,0,1,10,3,1,0
1445,0,33,0,3,2,0,2
1446,0,45,0,2,1,2,1
1447,0,76,0,3,1,1,2
1448,80,0,1,1,1,1,2
1449,29,0,1,3,1,1,2
1450,0,80,0,0,1,2,1
1451,80,0,1,5,2,2,0
1452,0,71,0,1,1,2,1
1453,5,0,1,8,1,2,1
1454,10,0,1,7,1,3,0
1455,2,0,1,10,2,0,2
1456,80,0,1,5,1,1,2
1457,11,0,1,7,2,2,0
1458,80,0,1,4,2,1,1
1459,0,4,0,18,2,1,1
1460,0,2,0,10,1,1,2
1461,0,66,0,10,3,1,0
1462,26,0,1,4,2,1,1
1463,80,0,1,6,1,1,2
1464,0,13,0,4,2,0,2
1465,38,0,1,4,1,2,1
1466,8,0,1,9,2,0,2
1467,0,8,0,7,2,1,1
1468,11,0,1,2,2,1,1
1469,43,0,1,9,1,1,2
1470,0,18,0,6,1,1,2
1471,0,63,0,8,1,2,0
1472,34,0,1,5,1,1,2
1473,47,0,1,9,2,0,2
1474,2,0,1,11,2,1,1
1475,9,0,1,9,2,0,2
1476,0,71,0,1,1,2,1
1477,10,0,1,5,2,1,1
1478,2,0,1,6,1,1,2
1479,0,15,0,5,2,1,1
1480,0,23,0,6,1,1,2
1481,0,53,0,12,1,2,1
1482,0,80,0,2,2,1,1
1483,0,32,0,6,2,1,1
1484,0,80,0,6,2,1,1
1485,0,10,0,13,3,0,1
1486,0,80,0,3,2,1,1
1487,22,0,1,4,1,1,2
1488,2,0,1,7,1,1,2
1489,54,0,1,11,3,0,1
1490,9,0,1,15,1,3,0
1491,80,0,1,9,1,2,1
1492,65,0,1,4,1,2,1
1493,0,80,0,9,1,2,0
1494,0,6,0,6,2,2,0
1495,0,66,0,7,2,0,2
1496,0,8,0,10,1,1,2
1497,80,0,1,12,1,3,0
1498,0,3,0,8,1,2,1
1499,0,10,0,7,1,1,2
1500,80,0,1,7,1,1,2
1501,68,0,1,2,1,2,1
1502,0,62,0,10,1,1,2
1503,4,0,1,12,2,2,0
1504,0,8,0,7,1,1,2
1505,0,5,0,16,1,1,2
1506,55,0,1,6,1,2,1
1507,0,8,0,21,1,2,1
1508,9,0,1,13,3,1,0
1509,39,0,1,6,1,1,2
1510,0,54,0,1,1,2,1
1511,80,0,1,5,1,3,0
1512,0,48,0,4,2,0,2
1513,54,0,1,9,1,2,1
1514,67,0,1,2,2,2,0
1515,80,0,1,2,1,2,1
1516,2,0,1,7,1,2,1
1517,0,25,0,10,1,1,2
1518,2,0,1,14,1,1,2
1519,50,0,1,5,1,2,1
1520,0,80,0,12,1,2,1
1521,0,23,0,4,1,3,0
1522,0,15,0,5,2,1,1
1523,80,0,1,5,1,1,2
1524,0,30,0,6,2,0,2
1525,4,0,1,5,2,0,2
1526,0,38,0,4,1,1,2
1527,7,0,1,9,2,1,1
1528,10,0,1,3,1,2,1
1529,0,80,0,4,1,1,2
1530,0,79,0,1,2,2,0
1531,0,80,0,13,3,1,0
1532,0,6,0,6,2,1,1
1533,0,22,0,9,1,1,2
1534,4,0,1,6,1,1,2
1535,2,0,1,7,1,3,0
1536,0,32,0,7,2,1,1
1537,0,3,0,10,1,1,2
1538,46,0,1,7,1,2,1
1539,7,0,1,10,1,2,1
1540,65,0,1,4,1,2,1
1541,80,0,1,1,2,1,1
1542,0,2,0,8,1,1,2
1543,56,0,1,6,1,1,2
1544,10,0,1,8,2,0,2
1545,0,80,0,2,3,0,1
1546,46,0,1,14,1,2,1
1547,0,10,0,8,1,1,1
1548,0,80,0,7,1,1,1
1549,0,21,0,3,1,1,2
1550,6,0,1,9,2,2,0
1551,69,0,1,10,2,1,1
1552,0,46,0,2,2,1,1
1553,0,80,0,7,2,1,1
1554,0,56,0,5,1,1,2
1555,0,11,0,7,1,1,2
1556,0,80,0,6,2,0,2
1557,0,3,0,15,1,1,2
1558,0,6,0,6,3,0,1
1559,28,0,1,9,2,2,0
1560,51,0,1,5,2,2,0
1561,0,9,0,9,2,1,1
1562,3,0,1,3,2,0,2
1563,0,53,0,11,1,2,1
1564,2,0,1,4,1,1,2
1565,0,26,0,12,2,1,1
1566,0,31,0,3,1,3,0
1567,0,22,0,5,3,1,0
1568,0,12,0,7,2,0,2
1569,7,0,1,7,2,0,2
1570,0,74,0,6,1,2,1
1571,0,10,0,9,2,0,2
1572,16,0,1,12,2,1,1
1573,54,0,1,8,1,1,2
1574,43,0,1,9,1,2,1
1575,0,25,0,6,1,1,1
1576,0,29,0,8,2,1,1
1577,0,49,0,9,1,1,2
1578,0,6,0,11,2,1,1
1579,58,0,1,5,2,2,0
1580,0,80,0,6,1,2,1
1581,31,0,1,5,1,1,2
1582,12,0,1,5,1,1,2
1583,9,0,1,8,2,1,1
1584,14,0,1,7,2,1,1
1585,3,0,1,11,2,1,1
1586,0,80,0,6,1,1,2
1587,0,27,0,15,1,1,2
1588,68,0,1,4,2,1,1
1589,24,0,1,6,1,2,1
1590,18,0,1,3,2,1,1
1591,18,0,1,11,1,1,2
1592,0,80,0,1,1,2,1
1593,4,0,1,5,1,1,2
1594,80,0,1,7,1,1,2
1595,80,0,1,6,1,2,1
1596,0,78,0,5,1,1,2
1597,14,0,1,8,1,1,2
1598,0,20,0,5,1,1,2
1599,31,0,1,6,1,1,2
1600,2,0,1,8,2,0,2
1601,59,0,1,5,2,0,2
1602,52,0,1,7,2,2,0
1603,0,48,0,1,1,2,1
1604,80,0,1,8,1,1,2
1605,36,0,1,8,2,1,1
1606,0,80,0,11,1,1,2
1607,0,26,0,8,1,1,2
1608,17,0,1,6,1,2,1
1609,56,0,1,8,1,3,0
1610,57,0,1,6,2,1,1
1611,0,25,0,5,1,3,0
1612,3,0,1,5,2,1,1
1613,4,0,1,9,2,1,1
1614,0,47,0,6,2,1,1
1615,41,0,1,7,2,1,1
1616,0,24,0,2,1,2,1
1617,11,0,1,6,3,1,0
1618,0,22,0,4,1,1,2
1619,15,0,1,15,2,0,2
1620,0,65,0,6,2,1,1
1621,61,0,1,3,1,1,2
1622,62,0,1,4,3,1,0
1623,0,13,0,15,1,1,2
1624,0,80,0,11,2,0,2
1625,0,56,0,5,1,2,1
1626,19,0,1,3,1,2,0
1627,0,37,0,5,1,1,2
1628,0,26,0,7,2,0,2
1629,0,9,0,10,2,1,1
1630,0,76,0,5,2,1,1
1631,0,29,0,10,1,2,1
1632,27,0,1,1,1,1,2
1633,0,23,0,3,1,2,1
1634,0,40,0,2,1,1,2
1635,9,0,1,8,1,1,2
1636,14,0,1,5,1,2,1
1637,0,12,0,9,1,1,2
1638,4,0,1,7,1,1,2
1639,78,0,1,1,1,2,1
1640,0,61,0,1,1,2,1
1641,10,0,1,5,1,1,2
1642,0,80,0,3,3,0,1
1643,3,0,1,3,2,0,2
1644,21,0,1,6,1,3,0
1645,0,41,0,0,1,2,1
1646,46,0,1,7,1,1,2
1647,0,70,0,17,3,0,1
1648,10,0,1,8,1,1,2
1649,10,0,1,12,1,1,2
1650,80,0,1,4,1,3,0
1651,29,0,1,2,1,1,2
1652,0,66,0,11,1,1,2
1653,2,0,1,9,1,1,2
1654,7,0,1,11,2,1,1
1655,0,5,0,5,1,3,0
1656,0,63,0,12,1,1,2
1657,60,0,1,2,2,2,0
1658,0,52,0,5,2,1,1
1659,20,0,1,3,1,2,1
1660,12,0,1,5,2,2,0
1661,61,0,1,9,3,0,1
1662,12,0,1,9,1,1,2
1663,15,0,1,11,1,1,2
1664,62,0,1,4,1,1,2
1665,20,0,1,3,1,1,2
1666,72,0,1,2,1,2,1
1667,0,21,0,7,3,1,0
1668,4,0,1,5,2,2,0
1669,0,65,0,3,2,1,1
1670,0,24,0,2,2,0,2
1671,0,2,0,5,1,1,2
1672,0,13,0,9,1,2,1
1673,11,0,1,5,2,0,2
1674,8,0,1,4,2,1,1
1675,8,0,1,9,1,2,0
1676,0,29,0,7,1,2,1
1677,80,0,1,1,2,2,0
1678,34,0,1,4,2,2,0
1679,8,0,1,11,2,1,1
1680,49,0,1,6,1,1,2
1681,2,0,1,11,2,1,1
1682,30,0,1,7,1,1,2
1683,49,0,1,3,1,2,1
1684,80,0,1,10,1,1,2
1685,0,2,0,11,1,1,2
1686,0,80,0,5,1,2,1
1687,0,2,0,6,1,2,1
1688,18,0,1,16,2,1,1
1689,25,0,1,4,1,2,1
1690,42,0,1,10,2,1,1
1691,0,51,0,4,1,1,2
1692,80,0,1,15,2,0,2
1693,0,3,0,21,3,0,1
1694,65,0,1,3,2,2,0
1695,0,4,0,9,1,1,2
1696,18,0,1,8,1,2,1
1697,0,10,0,8,1,2,1
1698,35,0,1,19,2,0,2
1699,14,0,1,12,2,0,2
1700,0,80,0,9,2,1,1
1701,0,42,0,3,1,1,2
1702,0,2,0,8,2,1,1
1703,68,0,1,7,2,1,1
1704,0,57,0,7,2,1,1
1705,3,0,1,11,2,1,1
1706,0,80,0,2,1,2,1
1707,39,0,1,5,2,1,1
1708,0,80,0,4,2,1,1
1709,7,0,1,13,1,1,2
1710,0,59,0,14,1,1,2
1711,0,73,0,1,1,3,0
1712,0,14,0,5,1,2,1
1713,0,80,0,6,2,1,1
1714,44,0,1,13,1,2,1
1715,0,19,0,5,1,2,1
1716,0,80,0,3,2,1,1
1717,15,0,1,14,2,0,2
1718,31,0,1,11,3,1,0
1719,0,80,0,12,2,2,0
1720,0,80,0,2,3,1,0
1721,0,17,0,6,2,2,0
1722,0,7,0,7,2,1,1
1723,0,14,0,8,2,0,2
1724,19,0,1,4,2,0,2
1725,0,23,0,4,2,1,1
1726,52,0,1,8,1,1,2
1727,0,78,0,10,1,1,2
1728,0,80,0,4,1,1,2
1729,65,0,1,2,1,1,2
1730,19,0,1,9,1,1,2
1731,15,0,1,8,1,2,1
1732,0,2,0,10,3,1,0
1733,0,80,0,6,2,1,1
1734,2,0,1,9,2,1,1
1735,0,73,0,5,1,1,2
1736,0,6,0,12,1,1,2
1737,2,0,1,6,2,0,2
1738,42,0,1,9,2,0,2
1739,68,0,1,5,2,1,1
1740,2,0,1,10,1,1,2
1741,0,50,0,9,2,2,0
1742,15,0,1,6,1,1,2
1743,80,0,1,4,1,2,1
1744,0,63,0,3,1,2,1
1745,2,0,1,7,1,1,2
1746,72,0,1,3,1,2,1
1747,80,0,1,4,2,2,0
1748,0,18,0,7,1,1,2
1749,80,0,1,3,2,2,0
1750,0,18,0,14,3,1,0
1751,22,0,1,8,1,2,1
1752,0,28,0,8,1,1,2
1753,2,0,1,6,4,0,0
1754,3,0,1,6,3,1,0
1755,0,80,0,7,1,1,2
1756,18,0,1,7,1,2,1
1757,2,0,1,8,1,1,2
1758,12,0,1,5,2,1,1
1759,0,80,0,8,2,1,1
1760,0,11,0,14,1,1,2
1761,7,0,1,11,1,2,1
1762,0,80,0,4,1,1,2
1763,0,5,0,6,2,0,2
1764,28,0,1,5,2,0,2
1765,0,5,0,12,2,1,1
1766,20,0,1,13,2,0,2
1767,0,71,0,10,2,0,2
1768,0,50,0,6,1,1,2
1769,80,0,1,4,1,2,1
1770,0,55,0,10,1,1,2
1771,11,0,1,7,1,2,1
1772,0,18,0,3,2,2,0
1773,8,0,1,7,1,1,2
1774,16,0,1,8,2,0,2
1775,56,0,1,9,1,1,2
1776,0,21,0,3,1,2,1
1777,0,30,0,6,1,2,0
1778,60,0,1,3,1,3,0
1779,0,31,0,5,1,2,1
1780,14,0,1,7,1,1,2
1781,0,80,0,3,1,1,2
1782,0,71,0,7,2,1,1
1783,0,80,0,2,1,2,1
1784,57,0,1,6,2,2,0
1785,80,0,1,3,2,1,1
1786,0,6,0,2,1,1,2
1787,20,0,1,4,2,0,2
1788,5,0,1,2,1,2,1
1789,0,80,0,6,1,2,1
1790,71,0,1,9,1,3,0
1791,36,0,1,9,1,1,2
1792,0,77,0,4,1,2,1
1793,34,0,1,5,2,1,1
1794,2,0,1,13,2,2,0
1795,0,80,0,1,1,2,1
1796,64,0,1,4,2,1,1
1797,0,30,0,7,4,0,0
1798,30,0,1,7,2,1,1
1799,0,28,0,7,2,1,1
1800,0,2,0,7,3,1,0
1801,11,0,1,3,1,2,1
1802,11,0,1,6,2,0,2
1803,0,29,0,12,1,1,1
1804,26,0,1,14,1,1,2
1805,0,13,0,8,1,1,2
1806,0,80,0,0,1,2,1
1807,0,20,0,7,2,0,2
1808,80,0,1,6,1,1,2
1809,0,80,0,4,1,1,2
1810,16,0,1,3,1,1,2
1811,11,0,1,12,4,0,0
1812,6,0,1,10,2,2,0
1813,0,41,0,4,2,0,2
1814,63,0,1,6,2,1,1
1815,0,12,0,3,2,0,2
1816,0,80,0,8,2,0,2
1817,0,58,0,2,1,1,2
1818,0,2,0,8,2,2,0
1819,3,0,1,8,2,2,0
1820,31,0,1,3,1,2,1
1821,80,0,1,9,1,1,2
1822,5,0,1,15,2,1,1
1823,2,0,1,10,1,1,2
1824,0,76,0,5,1,2,1
1825,65,0,1,13,1,1,2
1826,80,0,1,5,1,2,1
1827,30,0,1,4,1,1,2
1828,0,65,0,7,2,2,0
1829,0,5,0,10,1,1,2
1830,80,0,1,2,1,2,1
1831,74,0,1,4,1,1,2
1832,41,0,1,11,3,0,1
1833,64,0,1,1,1,1,2
1834,80,0,1,4,1,3,0
1835,0,22,0,10,1,1,2
1836,26,0,1,8,1,2,1
1837,0,22,0,2,1,1,2
1838,0,2,0,6,2,1,1
1839,0,8,0,6,2,2,0
1840,0,12,0,4,2,2,0
1841,0,9,0,3,1,2,1
1842,28,0,1,6,1,1,2
1843,0,15,0,9,3,0,1
1844,31,0,1,9,1,2,1
1845,0,55,0,5,2,1,1
1846,12,0,1,7,2,2,0
1847,14,0,1,11,2,0,2
1848,0,29,0,6,2,1,1
1849,33,0,1,4,1,2,1
1850,0,34,0,6,1,2,1
1851,80,0,1,7,1,2,1
1852,0,80,0,8,1,1,2
1853,0,11,0,8,1,2,1
1854,35,0,1,3,1,1,2
1855,0,59,0,1,2,2,0
1856,0,16,0,11,2,1,1
1857,14,0,1,10,2,2,0
1858,0,25,0,5,1,2,1
1859,0,80,0,10,3,0,1
1860,18,0,1,11,2,1,1
1861,0,41,0,6,3,1,0
1862,0,80,0,9,1,1,2
1863,0,62,0,10,1,2,1
1864,15,0,1,5,1,2,1
1865,0,44,0,7,2,1,1
1866,80,0,1,10,1,3,0
1867,0,25,0,12,2,1,1
1868,26,0,1,6,1,1,2
1869,36,0,1,5,2,2,0
1870,0,2,0,7,1,1,2
1871,6,0,1,9,1,1,2
1872,0,16,0,9,2,2,0
1873,4,0,1,10,2,1,1
1874,0,76,0,11,2,1,1
1875,67,0,1,8,1,1,2
1876,9,0,1,8,2,0,2
1877,0,13,0,3,1,2,1
1878,0,80,0,2,1,2,1
1879,0,50,0,13,1,2,1
1880,0,4,0,7,1,1,2
1881,0,80,0,8,1,2,1
1882,4,0,1,7,1,2,1
1883,0,59,0,5,1,1,2
1884,0,26,0,3,1,1,2
1885,2,0,1,8,1,1,2
1886,2,0,1,17,2,1,1
1887,0,36,0,3,1,1,2
1888,0,22,0,2,1,1,2
1889,19,0,1,15,1,1,2
1890,0,80,0,15,2,0,2
1891,0,6,0,8,2,1,1
1892,3,0,1,10,2,1,1
1893,0,65,0,4,2,1,1
1894,0,80,0,9,1,1,2
1895,2,0,1,12,1,3,0
1896,0,80,0,0,2,2,0
1897,30,0,1,3,2,1,1
1898,0,12,0,7,2,1,1
1899,80,0,1,8,1,2,1
1900,0,14,0,10,1,1,2
1901,0,52,0,6,1,3,0
1902,0,16,0,7,1,2,1
1903,40,0,1,3,1,1,2
1904,0,80,0,10,1,1,2
1905,0,80,0,8,3,0,1
1906,0,80,0,1,1,2,1
1907,80,0,1,17,1,1,2
1908,2,0,1,6,2,0,2
1909,0,32,0,9,1,2,1
1910,0,80,0,6,2,2,0
1911,13,0,1,3,2,1,1
1912,26,0,1,5,1,1,2
1913,78,0,1,1,1,1,2
1914,10,0,1,7,2,2,0
1915,0,65,0,3,1,3,0
1916,4,0,1,7,1,1,2
1917,55,0,1,11,2,2,0
1918,0,46,0,2,1,1,2
1919,0,4,0,9,2,0,2
1920,80,0,1,6,1,2,1
1921,0,32,0,7,2,1,1
1922,80,0,1,4,2,1,1
1923,3,0,1,10,2,1,1
1924,25,0,1,4,1,1,2
1925,0,7,0,10,2,1,1
1926,0,69,0,8,1,2,0
1927,0,67,0,10,1,2,1
1928,7,0,1,8,1,3,0
1929,37,0,1,6,3,1,0
1930,0,22,0,11,1,1,2
1931,0,5,0,10,1,1,2
1932,0,58,0,5,1,2,1
1933,58,0,1,6,2,2,0
1934,12,0,1,5,1,2,1
1935,0,76,0,8,2,2,0
1936,0,80,0,5,2,1,1
1937,0,14,0,8,1,3,0
1938,0,38,0,3,1,1,2
1939,0,38,0,9,1,2,1
1940,35,0,1,3,2,1,1
1941,3,0,1,6,1,2,1
1942,0,23,0,8,1,1,2
1943,4,0,1,3,1,1,2
1944,17,0,1,7,2,2,0
1945,80,0,1,6,1,2,1
1946,60,0,1,4,3,0,1
1947,80,0,1,5,1,2,1
1948,11,0,1,11,1,1,2
1949,80,0,1,5,2,2,0
1950,4,0,1,8,2,1,1
1951,0,79,0,11,1,1,2
1952,2,0,1,15,1,1,2
1953,0,64,0,1,2,2,0
1954,23,0,1,6,2,1,1
1955,5,0,1,11,1,1,2
1956,0,13,0,7,3,1,0
1957,0,68,0,11,1,2,1
1958,60,0,1,10,1,2,1
1959,0,68,0,3,2,1,1
1960,3,0,1,10,2,0,2
1961,0,52,0,6,1,1,2
1962,46,0,1,4,2,0,2
1963,4,0,1,6,2,0,2
1964,0,80,0,5,1,1,2
1965,21,0,1,3,1,2,1
1966,0,24,0,7,1,2,1
1967,15,0,1,8,2,1,1
1968,3,0,1,3,2,0,2
1969,3,0,1,9,1,1,2
1970,0,74,0,2,1,2,1
1971,2,0,1,7,3,0,1
1972,0,80,0,4,2,1,1
1973,9,0,1,10,1,1,2
1974,69,0,1,8,1,2,1
1975,0,80,0,1,1,2,1
1976,6,0,1,8,1,1,2
1977,12,0,1,8,2,1,1
1978,41,0,1,3,1,2,0
1979,11,0,1,9,3,1,0
1980,0,60,0,1,1,2,1
1981,77,0,1,3,1,3,0
1982,0,15,0,6,1,1,2
1983,76,0,1,2,1,1,2
1984,0,80,0,2,1,1,2
1985,0,22,0,10,3,1,0
1986,53,0,1,8,2,1,1
1987,0,51,0,3,1,2,1
1988,0,67,0,7,2,1,1
1989,80,0,1,3,2,1,1
1990,0,69,0,7,1,3,0
1991,15,0,1,12,2,0,2
1992,0,80,0,1,3,1,0
1993,0,48,0,3,1,2,1
1994,3,0,1,8,1,1,2
1995,0,62,0,9,2,2,0
1996,80,0,1,2,1,1,2
1997,0,80,0,6,1,1,2
1998,0,62,0,4,2,2,0
1999,0,69,0,3,2,0,2
2000,0,3,0,23,1,2,1
2001,0,80,0,5,1,1,2
2002,3,0,1,16,1,1,2
2003,0,80,0,10,1,1,2
2004,0,80,0,9,1,1,2
2005,0,17,0,5,2,1,1
2006,0,41,0,8,1,1,2
2007,0,78,0,11,2,0,2
2008,0,66,0,7,3,1,0
2009,14,0,1,7,1,2,1
2010,28,0,1,8,2,0,2
2011,0,2,0,13,1,2,1
2012,0,80,0,5,2,0,2
2013,0,14,0,10,2,1,1
2014,0,69,0,3,1,2,1
2015,36,0,1,7,3,1,0
2016,70,0,1,8,1,1,2
2017,0,63,0,6,2,1,1
2018,0,29,0,4,2,1,1
2019,9,0,1,5,2,1,1
2020,7,0,1,12,2,1,1
2021,2,0,1,9,1,1,2
2022,0,45,0,3,1,2,1
2023,0,24,0,6,1,2,1
2024,0,25,0,13,3,0,1
2025,80,0,1,6,1,1,2
2026,0,80,0,15,1,1,2
2027,15,0,1,5,1,1,2
2028,80,0,1,9,1,2,1
2029,2,0,1,7,1,2,1
2030,0,72,0,6,2,0,2
2031,3,0,1,12,1,1,2
2032,0,3,0,8,1,1,2
2033,14,0,1,5,1,3,0
2034,0,4,0,5,1,3,0
2035,31,0,1,10,2,1,1
2036,0,73,0,7,1,1,2
2037,22,0,1,3,1,2,1
2038,29,0,1,4,2,1,1
2039,10,0,1,6,2,1,1
2040,21,0,1,7,2,1,1
2041,0,37,0,10,1,1,2
2042,66,0,1,6,1,2,1
2043,66,0,1,4,1,1,2
2044,2,0,1,12,1,1,2
2045,0,13,0,6,2,1,1
2046,80,0,1,3,1,2,1
2047,0,8,0,7,2,1,1
2048,0,80,0,14,1,1,2
2049,16,0,1,4,2,0,2
2050,0,10,0,4,2,1,1
2051,0,80,0,3,1,1,2
2052,15,0,1,11,1,1,2
2053,80,0,1,4,1,3,0
2054,37,0,1,7,1,2,1
2055,0,27,0,2,1,1,2
2056,0,6,0,7,1,1,2
2057,9,0,1,12,3,1,0
2058,0,74,0,6,2,0,2
2059,0,2,0,9,1,2,1
2060,0,14,0,12,1,2,1
2061,0,25,0,9,1,2,1
2062,31,0,1,4,3,0,1
2063,0,64,0,11,2,1,1
2064,80,0,1,1,1,2,1
2065,31,0,1,11,2,1,1
2066,0,48,0,14,1,2,1
2067,0,16,0,4,2,2,0
2068,80,0,1,5,2,0,2
2069,8,0,1,6,2,1,1
2070,47,0,1,3,2,2,0
2071,80,0,1,10,2,1,1
2072,8,0,1,6,1,2,1
2073,61,0,1,4,2,1,1
2074,0,80,0,0,1,2,1
2075,0,67,0,10,1,2,1
2076,2,0,1,10,1,2,1
2077,0,73,0,5,1,1,2
2078,5,0,1,5,2,0,2
2079,16,0,1,4,1,1,2
2080,0,78,0,8,1,1,2
2081,2,0,1,13,3,0,1
2082,0,80,0,3,1,2,1
2083,2,0,1,10,1,2,1
2084,2,0,1,11,1,1,2
2085,72,0,1,1,1,1,2
2086,41,0,1,11,2,1,1
2087,0,28,0,3,1,1,2
2088,80,0,1,10,2,1,1
2089,15,0,1,6,1,2,1
2090,0,80,0,6,1,1,2
2091,0,80,0,0,1,1,2
2092,0,65,0,5,1,1,2
2093,0,80,0,4,2,1,1
2094,11,0,1,8,2,1,1
2095,22,0,1,8,3,0,1
2096,0,3,0,6,2,1,1
2097,0,19,0,7,2,2,0
2098,0,6,0,10,2,1,1
2099,0,4,0,10,2,1,1
2100,0,11,0,12,1,1,2
2101,64,0,1,14,2,1,1
2102,37,0,1,4,2,1,1
2103,59,0,1,2,1,1,2
2104,2,0,1,15,1,1,2
2105,0,58,0,13,2,1,1
2106,80,0,1,4,3,1,0
2107,80,0,1,3,2,1,1
2108,2,0,1,11,2,1,1
2109,0,35,0,7,1,1,2
2110,80,0,1,8,1,1,2
2111,6,0,1,5,1,1,2
2112,2,0,1,9,1,2,1
2113,80,0,1,7,1,1,2
2114,0,80,0,0,1,1,2
2115,66,0,1,3,1,1,2
2116,13,0,1,7,2,1,1
2117,80,0,1,4,1,1,2
2118,80,0,1,4,1,1,2
2119,34,0,1,5,1,3,0
2120,7,0,1,9,1,1,2
2121,0,80,0,8,1,1,2
2122,12,0,1,8,1,2,1
2123,2,0,1,17,1,1,2
2124,0,67,0,1,1,2,1
2125,0,56,0,11,2,1,1
2126,25,0,1,7,1,1,2
2127,80,0,1,12,1,1,2
2128,2,0,1,13,1,2,1
2129,0,80,0,6,3,1,0
2130,9,0,1,11,1,2,1
2131,11,0,1,19,1,1,2
2132,0,79,0,6,2,2,0
2133,26,0,1,6,2,0,2
2134,0,80,0,2,1,2,1
2135,0,19,0,9,1,1,2
2136,0,54,0,11,1,3,0
2137,0,3,0,9,3,0,1
2138,7,0,1,3,1,3,0
2139,48,0,1,11,2,1,1
2140,0,51,0,3,2,1,1
2141,38,0,1,9,3,1,0
2142,0,61,0,6,2,1,1
2143,6,0,1,12,1,1,2
2144,22,0,1,9,1,1,2
2145,36,0,1,13,2,2,0
2146,2,0,1,9,1,1,2
2147,0,65,0,3,2,2,0
2148,0,16,0,4,2,0,2
2149,56,0,1,6,1,3,0
2150,43,0,1,7,1,2,1
2151,0,18,0,2,2,1,1
2152,80,0,1,4,1,1,2
2153,46,0,1,9,2,2,0
2154,8,0,1,4,1,1,2
2155,0,15,0,5,1,2,1
2156,5,0,1,5,2,2,0
2157,10,0,1,4,1,2,1
2158,5,0,1,9,2,0,2
2159,0,16,0,6,1,1,2
2160,66,0,1,6,2,1,1
2161,80,0,1,9,1,1,2
2162,3,0,1,6,2,0,2
2163,0,26,0,4,1,1,2
2164,15,0,1,1,1,2,1
2165,18,0,1,7,2,1,1
2166,13,0,1,10,2,0,2
2167,38,0,1,6,1,1,2
2168,0,38,0,3,1,1,2
2169,12,0,1,7,3,1,0
2170,0,80,0,6,1,3,0
2171,0,28,0,14,2,0,2
2172,0,80,0,0,1,1,2
2173,4,0,1,9,2,1,1
2174,32,0,1,4,1,2,1
2175,16,0,1,9,2,0,2
2176,10,0,1,8,2,1,1
2177,2,0,1,6,1,2,1
2178,42,0,1,17,3,1,0
2179,7,0,1,13,1,1,2
2180,0,76,0,4,2,0,2
2181,39,0,1,4,1,2,1
2182,0,15,0,7,1,1,2
2183,0,79,0,4,1,1,2
2184,0,73,0,14,2,1,0
2185,0,80,0,6,1,2,1
2186,8,0,1,9,2,1,1
2187,0,65,0,11,3,0,1
2188,67,0,1,12,3,1,0
2189,3,0,1,11,1,1,2
2190,0,79,0,6,1,2,1
2191,0,60,0,8,2,2,0
2192,26,0,1,6,1,1,2
2193,5,0,1,9,2,1,1
2194,9,0,1,3,1,2,0
2195,2,0,1,10,2,2,0
2196,47,0,1,11,2,1,1
2197,22,0,1,9,1,1,2
2198,11,0,1,5,2,1,1
2199,0,74,0,5,1,2,0
2200,0,80,0,0,1,2,1
2201,35,0,1,6,2,1,1
2202,11,0,1,11,2,1,1
2203,80,0,1,2,2,1,1
2204,36,0,1,3,1,3,0
2205,62,0,1,6,1,1,2
2206,33,0,1,5,2,0,2
2207,0,44,0,9,1,3,0
2208,37,0,1,13,1,1,2
2209,0,16,0,6,2,0,2
2210,12,0,1,17,1,1,2
2211,0,80,0,4,3,1,0
2212,21,0,1,15,1,1,2
2213,0,27,0,10,1,1,2
2214,0,53,0,4,1,2,1
2215,20,0,1,4,1,3,0
2216,15,0,1,4,2,1,1
2217,0,22,0,6,1,2,1
2218,0,20,0,8,2,1,1
2219,2,0,1,6,1,3,0
2220,42,0,1,5,1,1,2
2221,0,80,0,5,1,1,2
2222,0,20,0,16,3,1,0
2223,0,80,0,5,1,1,2
2224,0,13,0,12,2,1,0
2225,6,0,1,29,1,2,1
2226,58,0,1,4,2,1,1
2227,24,0,1,1,1,1,2
2228,80,0,1,2,1,1,2
2229,2,0,1,17,1,1,2
2230,0,63,0,3,3,0,1
2231,23,0,1,3,2,2,0
2232,0,53,0,9,1,2,1
2233,60,0,1,3,1,1,2
2234,0,32,0,11,1,1,2
2235,20,0,1,5,1,1,2
2236,25,0,1,17,1,1,2
2237,0,7,0,3,3,0,1
2238,80,0,1,6,2,0,2
2239,80,0,1,2,2,1,1
2240,3,0,1,9,2,1,1
2241,0,18,0,4,1,1,2
2242,0,22,0,6,1,2,1
2243,9,0,1,8,1,2,1
2244,0,69,0,3,2,1,1
2245,2,0,1,9,2,0,1
2246,80,0,1,5,2,0,2
2247,80,0,1,3,1,3,0
2248,80,0,1,6,3,0,1
2249,2,0,1,9,2,2,0
2250,80,0,1,7,2,1,1
2251,80,0,1,6,2,1,1
2252,80,0,1,5,1,2,1
2253,80,0,1,8,1,1,2
2254,22,0,1,4,2,1,1
2255,75,0,1,5,1,3,0
2256,0,80,0,5,1,2,1
2257,0,66,0,6,1,1,2
2258,0,12,0,6,1,1,2
2259,31,0,1,5,2,2,0
2260,0,25,0,6,1,1,2
2261,0,18,0,5,2,2,0
2262,15,0,1,11,1,2,1
2263,0,2,0,11,2,1,1
2264,4,0,1,10,1,2,1
2265,32,0,1,9,2,1,1
2266,0,12,0,17,1,1,2
2267,0,21,0,4,1,1,2
2268,2,0,1,8,1,1,2
2269,10,0,1,8,2,1,1
2270,0,80,0,5,1,1,2
2271,0,2,0,17,2,1,1
2272,40,0,1,14,1,1,2
2273,19,0,1,1,2,1,1
2274,0,2,0,4,1,3,0
2275,0,68,0,3,1,1,2
2276,0,80,0,3,2,2,0
2277,0,80,0,8,2,0,1
2278,4,0,1,9,1,1,2
2279,43,0,1,9,2,1,1
2280,0,21,0,6,2,1,1
2281,0,80,0,4,1,2,1
2282,80,0,1,9,2,1,1
2283,9,0,1,10,1,1,2
2284,0,22,0,6,1,1,2
2285,45,0,1,4,1,2,1
2286,73,0,1,5,2,1,1
2287,10,0,1,7,3,0,1
2288,0,24,0,10,2,0,2
2289,0,80,0,7,1,3,0
2290,25,0,1,8,1,1,2
2291,80,0,1,7,2,2,0
2292,0,11,0,12,1,1,2
2293,63,0,1,15,1,3,0
2294,5,0,1,13,1,1,2
2295,80,0,1,8,1,3,0
2296,0,74,0,4,1,1,2
2297,19,0,1,13,1,1,2
2298,26,0,1,5,1,1,2
2299,0,80,0,9,1,1,2
2300,12,0,1,14,2,0,2
2301,0,64,0,8,1,1,2
2302,0,43,0,4,1,1,2
2303,3,0,1,8,2,1,0
2304,2,0,1,14,1,2,1
2305,16,0,1,4,1,1,2
2306,0,3,0,7,2,1,1
2307,0,9,0,7,2,0,2
2308,2,0,1,13,1,2,1
2309,0,78,0,4,1,2,1
2310,54,0,1,6,1,1,2
2311,12,0,1,7,3,1,0
2312,7,0,1,13,2,2,0
2313,42,0,1,11,1,2,1
2314,0,65,0,6,1,1,1
2315,0,31,0,7,2,1,1
2316,0,80,0,1,2,1,1
2317,0,16,0,7,2,0,2
2318,28,0,1,3,2,1,1
2319,0,74,0,16,2,1,1
2320,51,0,1,5,2,1,1
2321,10,0,1,7,1,1,2
2322,63,0,1,9,2,1,1
2323,0,13,0,3,2,0,2
2324,42,0,1,15,3,0,1
2325,0,13,0,5,2,1,1
2326,80,0,1,3,1,2,1
2327,9,0,1,13,1,2,1
2328,0,37,0,10,2,1,1
2329,80,0,1,6,1,1,2
2330,0,80,0,4,2,1,1
2331,3,0,1,6,1,2,1
2332,36,0,1,7,2,0,2
2333,2,0,1,6,2,1,1
2334,26,0,1,18,1,1,2
2335,0,5,0,6,1,2,1
2336,0,58,0,6,2,0,2
2337,48,0,1,4,2,0,2
2338,0,68,0,4,1,2,1
2339,15,0,1,7,1,1,2
2340,15,0,1,6,2,0,2
2341,0,37,0,3,1,2,1
2342,2,0,1,10,2,2,0
2343,22,0,1,7,2,0,2
2344,6,0,1,9,1,1,2
2345,0,75,0,6,2,2,0
2346,60,0,1,3,1,1,2
2347,0,22,0,9,2,2,0
2348,60,0,1,5,1,1,2
2349,0,78,0,4,2,1,1
2350,0,80,0,4,1,1,2
2351,16,0,1,8,1,2,1
2352,0,49,0,4,2,0,2
2353,41,0,1,9,1,3,0
2354,7,0,1,9,1,1,2
2355,0,25,0,9,2,1,1
2356,0,3,0,6,2,1,1
2357,13,0,1,6,3,0,1
2358,15,0,1,7,1,1,2
2359,80,0,1,9,2,0,2
2360,7,0,1,6,3,0,1
2361,4,0,1,4,2,1,1
2362,0,65,0,12,2,1,1
2363,27,0,1,9,2,2,0
2364,11,0,1,6,1,1,2
2365,8,0,1,7,1,1,2
2366,0,12,0,6,3,0,1
2367,28,0,1,4,1,1,2
2368,2,0,1,5,1,1,2
2369,4,0,1,4,2,0,2
2370,5,0,1,5,2,1,1
2371,46,0,1,7,2,2,0
2372,0,73,0,8,2,2,0
2373,0,80,0,4,3,0,1
2374,2,0,1,10,2,1,1
2375,68,0,1,3,2,2,0
2376,0,33,0,3,2,0,2
2377,0,38,0,6,3,0,1
2378,0,80,0,6,3,0,1
2379,0,42,0,6,2,1,1
2380,0,39,0,4,2,1,1
2381,17,0,1,10,2,2,0
2382,0,80,0,8,3,1,0
2383,0,74,0,0,1,1,2
2384,0,8,0,4,1,2,1
2385,0,80,0,3,2,0,2
2386,52,0,1,3,2,1,1
2387,80,0,1,6,1,1,2
2388,0,16,0,4,1,1,2
2389,48,0,1,12,2,1,1
2390,4,0,1,12,2,0,2
2391,8,0,1,6,2,0,2
2392,10,0,1,4,1,2,1
2393,23,0,1,5,1,3,0
2394,0,71,0,2,1,1,2
2395,60,0,1,6,3,1,0
2396,56,0,1,3,1,1,2
2397,15,0,1,4,1,1,2
2398,55,0,1,4,1,1,2
2399,0,4,0,10,2,0,2
2400,0,19,0,9,1,1,2
2401,9,0,1,4,1,2,1
2402,5,0,1,10,1,1,2
2403,80,0,1,8,1,2,1
2404,0,9,0,7,3,0,1
2405,0,17,0,8,1,2,0
2406,39,0,1,8,2,1,1
2407,0,15,0,10,1,1,2
2408,20,0,1,8,2,2,0
2409,0,80,0,5,2,2,0
2410,39,0,1,2,3,1,0
2411,0,24,0,4,1,2,1
2412,3,0,1,9,3,1,0
2413,80,0,1,7,1,2,1
2414,80,0,1,6,2,1,1
2415,0,53,0,8,2,0,2
2416,80,0,1,11,1,2,1
2417,10,0,1,4,2,0,2
2418,0,80,0,1,1,1,2
2419,80,0,1,2,1,3,0
2420,0,34,0,5,2,1,1
2421,0,2,0,9,1,1,2
2422,37,0,1,3,2,2,0
2423,0,46,0,6,2,1,1
2424,0,5,0,9,1,1,2
2425,0,22,0,11,1,1,2
2426,0,46,0,9,2,0,2
2427,36,0,1,5,2,1,1
2428,56,0,1,4,1,3,0
2429,0,58,0,10,2,0,1
2430,45,0,1,13,1,1,2
2431,5,0,1,15,2,1,1
2432,53,0,1,13,2,1,1
2433,6,0,1,14,2,1,1
2434,10,0,1,6,1,1,2
2435,7,0,1,3,2,0,2
2436,15,0,1,6,2,1,1
2437,0,33,0,14,2,1,1
2438,19,0,1,7,3,1,0
2439,3,0,1,14,1,1,2
2440,46,0,1,7,4,0,0
2441,0,16,0,11,2,0,2
2442,0,80,0,6,2,1,0
2443,0,9,0,16,1,1,2
2444,2,0,1,5,1,2,1
2445,0,63,0,5,1,2,1
2446,80,0,1,3,1,3,0
2447,0,80,0,4,3,0,1
2448,0,71,0,2,1,2,1
2449,0,80,0,2,2,1,1
2450,0,80,0,5,1,3,0
2451,0,60,0,7,2,1,1
2452,0,66,0,6,1,1,2
2453,7,0,1,9,1,1,2
2454,0,75,0,5,1,1,2
2455,0,63,0,9,2,2,0
2456,48,0,1,9,1,1,2
2457,50,0,1,4,1,3,0
2458,0,80,0,7,1,2,1
2459,0,5,0,3,1,2,1
2460,0,4,0,15,2,2,0
2461,0,4,0,16,1,1,2
2462,0,61,0,5,2,0,2
2463,59,0,1,4,2,1,1
2464,0,80,0,3,1,1,2
2465,0,26,0,8,2,0,2
2466,80,0,1,8,1,1,2
2467,0,4,0,15,2,1,1
2468,0,29,0,12,1,1,2
2469,14,0,1,9,1,2,1
2470,68,0,1,2,2,2,0
2471,12,0,1,6,2,1,1
2472,8,0,1,7,2,1,1
2473,0,14,0,14,2,1,1
2474,0,45,0,2,2,1,1
2475,0,78,0,10,2,2,0
2476,9,0,1,11,1,2,1
2477,0,4,0,11,2,0,2
2478,0,80,0,5,2,1,1
2479,0,80,0,6,2,0,2
2480,2,0,1,8,2,2,0
2481,0,3,0,11,1,1,2
2482,0,73,0,3,2,1,1
2483,0,25,0,8,2,0,2
2484,0,80,0,6,3,1,0
2485,0,55,0,10,2,1,1
2486,0,80,0,5,1,1,2
2487,11,0,1,6,2,0,2
2488,60,0,1,15,1,2,1
2489,0,80,0,10,2,1,1
2490,0,70,0,12,3,0,1
2491,40,0,1,6,2,2,0
2492,54,0,1,7,2,1,1
2493,0,5,0,12,3,1,0
2494,80,0,1,5,1,1,2
2495,30,0,1,6,1,2,1
2496,2,0,1,12,2,0,2
2497,80,0,1,6,1,2,1
2498,80,0,1,11,1,1,2
2499,0,9,0,16,3,0,1
2500,8,0,1,7,2,1,1
2501,73,0,1,3,1,1,2
2502,0,80,0,5,1,1,2
2503,20,0,1,5,1,2,1
2504,40,0,1,5,1,1,2
2505,0,80,0,13,2,0,2
2506,2,0,1,13,1,1,2
2507,0,14,0,6,1,1,2
2508,51,0,1,4,2,1,1
2509,32,0,1,13,2,2,0
2510,15,0,1,6,2,2,0
2511,80,0,1,2,1,2,1
2512,80,0,1,1,1,3,0
2513,41,0,1,10,1,2,1
2514,57,0,1,3,1,2,1
2515,46,0,1,6,2,1,1
2516,0,28,0,10,1,2,1
2517,56,0,1,6,2,0,2
2518,26,0,1,4,1,1,2
2519,0,34,0,5,2,1,1
2520,8,0,1,12,1,1,2
2521,33,0,1,13,1,1,2
2522,0,80,0,10,2,1,1
2523,8,0,1,5,1,2,1
2524,3,0,1,9,2,0,2
2525,80,0,1,6,3,0,1
2526,0,11,0,9,3,1,0
2527,0,80,0,3,1,1,2
2528,80,0,1,3,3,1,0
2529,0,80,0,8,3,0,1
2530,2,0,1,12,1,1,2
2531,50,0,1,4,3,1,0
2532,40,0,1,7,3,1,0
2533,0,80,0,3,2,1,1
2534,12,0,1,14,1,1,2
2535,0,75,0,7,1,1,2
2536,51,0,1,7,1,2,1
2537,11,0,1,6,2,1,0
2538,19,0,1,6,2,2,0
2539,0,2,0,19,2,0,2
2540,2,0,1,9,1,1,2
2541,12,0,1,8,1,2,1
2542,9,0,1,8,1,2,1
2543,0,71,0,6,1,2,1
2544,20,0,1,5,1,1,2
2545,80,0,1,3,1,1,2
2546,38,0,1,10,3,1,0
2547,16,0,1,2,2,1,1
2548,80,0,1,5,2,1,1
2549,0,5,0,8,3,1,0
2550,0,80,0,7,1,1,2
2551,44,0,1,2,1,2,1
2552,2,0,1,10,2,2,0
2553,5,0,1,6,3,1,0
2554,0,5,0,8,1,2,1
2555,8,0,1,6,2,1,1
2556,45,0,1,3,1,2,1
2557,11,0,1,16,3,1,0
2558,50,0,1,6,3,1,0
2559,13,0,1,12,1,2,1
2560,0,80,0,5,1,2,1
2561,0,66,0,12,1,2,1
2562,24,0,1,5,1,1,2
2563,10,0,1,4,1,2,1
2564,80,0,1,1,1,1,2
2565,50,0,1,4,3,1,0
2566,39,0,1,4,2,1,1
2567,0,23,0,5,1,1,2
2568,0,66,0,3,3,0,1
2569,74,0,1,9,1,2,1
2570,0,16,0,4,1,1,2
2571,4,0,1,10,2,2,0
2572,0,74,0,8,2,1,1
2573,17,0,1,2,1,1,2
2574,0,3,0,8,1,1,2
2575,0,66,0,4,1,2,1
2576,0,80,0,5,1,2,1
2577,8,0,1,10,2,1,1
2578,0,3,0,11,2,0,2
2579,15,0,1,6,2,1,1
2580,80,0,1,5,1,2,1
2581,7,0,1,3,3,1,0
2582,46,0,1,2,1,1,2
2583,50,0,1,2,1,1,2
2584,0,67,0,8,1,2,1
2585,0,5,0,7,2,0,2
2586,0,80,0,5,2,0,2
2587,8,0,1,7,2,2,0
2588,0,17,0,6,1,2,1
2589,50,0,1,6,2,2,0
2590,0,80,0,5,2,2,0
2591,52,0,1,9,2,2,0
2592,0,59,0,1,2,2,0
2593,80,0,1,6,1,3,0
2594,24,0,1,11,1,2,1
2595,0,54,0,7,1,1,1
2596,0,7,0,6,2,1,0
2597,38,0,1,4,3,1,0
2598,0,45,0,4,1,1,2
2599,5,0,1,10,4,0,0
2600,15,0,1,6,1,1,2
2601,2,0,1,8,1,1,2
2602,0,16,0,1,1,2,1
2603,0,2,0,5,1,3,0
2604,0,80,0,5,1,1,2
2605,0,7,0,11,1,1,2
2606,0,13,0,4,2,0,2
2607,0,46,0,14,2,1,1
2608,80,0,1,4,1,2,1
2609,0,37,0,8,3,0,1
2610,0,74,0,5,1,1,2
2611,0,80,0,4,1,1,2
2612,0,2,0,7,2,1,1
2613,70,0,1,2,1,1,2
2614,10,0,1,10,1,1,2
2615,5,0,1,6,1,1,2
2616,4,0,1,7,2,0,2
2617,61,0,1,4,3,1,0
2618,0,29,0,3,2,1,1
2619,60,0,1,3,2,1,1
2620,0,16,0,8,1,2,1
2621,43,0,1,8,1,2,1
2622,0,57,0,4,1,1,2
2623,8,0,1,8,1,2,1
2624,14,0,1,13,2,1,1
2625,0,52,0,1,1,1,2
2626,33,0,1,2,3,1,0
2627,0,35,0,12,2,0,2
2628,2,0,1,11,1,1,2
2629,50,0,1,5,1,2,1
2630,37,0,1,11,2,1,1
2631,6,0,1,3,2,2,0
2632,0,19,0,8,2,1,1
2633,27,0,1,5,1,1,2
2634,7,0,1,7,2,1,1
2635,18,0,1,4,2,1,1
2636,29,0,1,11,3,0,1
2637,12,0,1,7,3,1,0
2638,35,0,1,4,2,0,2
2639,0,57,0,6,2,1,1
2640,0,18,0,7,2,1,1
2641,48,0,1,7,1,2,1
2642,79,0,1,2,3,0,1
2643,80,0,1,3,1,1,2
2644,0,45,0,3,1,2,1
2645,34,0,1,6,1,1,2
2646,0,58,0,2,1,2,1
2647,0,80,0,6,1,2,1
2648,0,14,0,17,3,0,1
2649,4,0,1,4,2,1,1
2650,3,0,1,12,2,1,1
2651,0,75,0,7,1,2,1
2652,27,0,1,6,1,2,1
2653,58,0,1,7,1,1,2
2654,0,80,0,2,2,2,0
2655,0,61,0,12,2,0,2
2656,17,0,1,8,1,1,2
2657,0,80,0,8,1,2,1
2658,2,0,1,10,3,1,0
2659,13,0,1,7,1,2,1
2660,0,31,0,2,3,1,0
2661,80,0,1,3,1,2,1
2662,19,0,1,8,1,1,2
2663,53,0,1,8,2,2,0
2664,0,41,0,9,2,0,2
2665,9,0,1,9,3,0,1
2666,0,20,0,10,1,1,2
2667,80,0,1,7,1,1,2
2668,80,0,1,3,1,1,2
2669,67,0,1,4,1,1,2
2670,0,17,0,12,3,0,1
2671,2,0,1,5,1,1,2
2672,8,0,1,8,2,1,1
2673,0,80,0,7,2,2,0
2674,0,75,0,8,1,1,2
2675,40,0,1,5,2,2,0
2676,6,0,1,11,2,0,2
2677,6,0,1,12,1,1,2
2678,0,13,0,12,1,1,2
2679,11,0,1,13,2,0,2
2680,0,26,0,4,1,1,2
2681,0,24,0,3,2,0,2
2682,19,0,1,7,1,1,2
2683,80,0,1,3,2,1,1
2684,80,0,1,6,1,3,0
2685,80,0,1,3,1,2,1
2686,0,19,0,6,1,2,1
2687,0,33,0,11,2,1,1
2688,0,80,0,3,2,1,1
2689,80,0,1,5,1,2,1
2690,37,0,1,6,1,1,2
2691,22,0,1,9,1,2,1
2692,8,0,1,6,1,2,1
2693,0,52,0,5,2,1,1
2694,0,11,0,12,2,0,2
2695,0,79,0,1,1,1,2
2696,18,0,1,5,3,1,0
2697,10,0,1,4,2,1,1
2698,41,0,1,7,2,0,2
2699,0,13,0,15,1,1,2
2700,22,0,1,4,2,1,1
2701,0,47,0,13,3,1,0
2702,59,0,1,8,2,0,2
2703,4,0,1,9,1,2,1
2704,0,8,0,9,3,0,1
2705,4,0,1,7,2,1,1
2706,0,80,0,3,1,2,1
2707,2,0,1,5,3,1,0
2708,0,19,0,7,2,1,1
2709,0,5,0,9,1,3,0
2710,0,15,0,6,2,1,1
2711,6,0,1,13,1,1,2
2712,80,0,1,2,1,2,1
2713,0,18,0,8,1,1,2
2714,0,76,0,1,1,1,2
2715,0,7,0,8,2,1,1
2716,15,0,1,5,2,1,1
2717,37,0,1,6,2,1,1
2718,0,80,0,5,2,0,2
2719,0,9,0,12,2,1,1
2720,6,0,1,7,1,1,2
2721,80,0,1,11,1,1,2
2722,7,0,1,21,2,0,2
2723,2,0,1,7,1,2,1
2724,0,2,0,11,1,2,1
2725,49,0,1,5,2,1,1
2726,53,0,1,5,1,2,1
2727,10,0,1,9,1,1,2
2728,43,0,1,7,2,2,0
2729,23,0,1,7,1,1,2
2730,0,80,0,5,1,1,2
2731,64,0,1,3,1,1,2
2732,0,16,0,12,1,1,2
2733,15,0,1,13,1,1,2
2734,80,0,1,5,1,2,1
2735,0,18,0,4,1,3,0
2736,0,3,0,13,2,1,1
2737,0,35,0,10,1,2,1
2738,11,0,1,7,2,2,0
2739,0,60,0,17,1,2,1
2740,57,0,1,5,1,2,1
2741,57,0,1,5,1,2,1
2742,0,28,0,8,2,2,0
2743,0,69,0,5,1,1,2
2744,0,45,0,4,1,1,2
2745,0,80,0,14,2,1,1
2746,18,0,1,8,2,1,1
2747,27,0,1,2,1,2,1
2748,0,6,0,9,1,1,2
2749,10,0,1,5,1,1,2
2750,0,53,0,9,2,1,1
2751,70,0,1,3,2,0,2
2752,0,53,0,8,2,1,1
2753,0,3,0,10,2,1,1
2754,0,26,0,4,1,2,1
2755,14,0,1,6,1,2,1
2756,0,67,0,7,1,3,0
2757,2,0,1,6,2,1,0
2758,21,0,1,4,2,1,1
2759,0,43,0,11,2,1,1
2760,19,0,1,23,2,1,1
2761,4,0,1,4,1,2,1
2762,6,0,1,9,1,1,2
2763,23,0,1,13,1,1,2
2764,21,0,1,4,2,2,0
2765,20,0,1,3,1,2,1
2766,0,49,0,3,1,2,1
2767,0,7,0,8,1,2,1
2768,0,80,0,0,1,2,1
2769,0,17,0,8,1,1,2
2770,0,78,0,10,1,1,2
2771,43,0,1,3,1,1,2
2772,35,0,1,10,2,1,1
2773,0,43,0,9,1,1,2
2774,80,0,1,9,1,2,1
2775,0,10,0,4,2,1,1
2776,0,80,0,9,1,1,2
2777,0,80,0,1,1,3,0
2778,0,38,0,2,1,2,1
2779,21,0,1,6,2,0,2
2780,10,0,1,8,3,1,0
2781,45,0,1,6,2,1,1
2782,14,0,1,2,1,1,2
2783,0,49,0,6,1,2,1
2784,33,0,1,2,1,2,1
2785,33,0,1,10,1,1,2
2786,58,0,1,7,1,1,2
2787,15,0,1,9,2,1,1
2788,0,59,0,13,1,2,1
2789,80,0,1,7,1,2,1
2790,10,0,1,5,1,1,2
2791,0,5,0,7,3,1,0
2792,0,69,0,11,1,3,0
2793,34,0,1,12,2,1,1
2794,0,79,0,4,2,1,1
2795,80,0,1,6,1,1,2
2796,0,80,0,7,1,1,2
2797,0,80,0,6,2,1,1
2798,32,0,1,2,1,1,2
2799,0,78,0,11,2,0,2
2800,80,0,1,2,2,2,0
2801,8,0,1,11,1,1,2
2802,10,0,1,5,2,1,1
2803,59,0,1,4,2,0,2
2804,0,24,0,13,1,1,2
2805,7,0,1,11,1,1,2
2806,80,0,1,3,3,0,1
2807,31,0,1,9,1,1,2
2808,5,0,1,17,2,0,2
2809,0,30,0,8,1,1,2
2810,44,0,1,12,2,1,1
2811,0,80,0,9,1,1,2
2812,7,0,1,8,2,1,1
2813,80,0,1,8,1,2,1
2814,4,0,1,9,1,2,1
2815,20,0,1,12,1,2,1
2816,0,10,0,3,2,1,1
2817,0,80,0,14,1,2,1
2818,6,0,1,17,1,2,1
2819,76,0,1,3,2,1,1
2820,44,0,1,10,1,3,0
2821,0,15,0,14,2,0,2
2822,80,0,1,5,1,2,1
2823,2,0,1,13,1,2,1
2824,6,0,1,4,1,2,1
2825,80,0,1,5,1,1,2
2826,0,55,0,3,2,1,1
2827,43,0,1,6,3,0,1
2828,4,0,1,10,1,2,1
2829,0,22,0,6,1,1,2
2830,35,0,1,7,1,1,2
2831,0,22,0,13,1,2,1
2832,0,15,0,9,3,0,1
2833,30,0,1,3,1,2,1
2834,46,0,1,5,1,1,2
2835,72,0,1,6,2,0,2
2836,0,16,0,20,1,1,2
2837,0,80,0,8,1,1,2
2838,37,0,1,7,2,1,1
2839,20,0,1,2,1,3,0
2840,2,0,1,8,2,0,2
2841,0,80,0,2,1,2,1
2842,2,0,1,5,1,1,2
2843,42,0,1,10,2,0,2
2844,0,80,0,5,2,1,1
2845,19,0,1,5,1,2,1
2846,0,4,0,5,1,1,2
2847,20,0,1,2,1,3,0
2848,25,0,1,7,2,1,1
2849,10,0,1,11,2,0,2
2850,0,8,0,5,2,1,1
2851,5,0,1,6,2,2,0
2852,0,11,0,9,1,2,1
2853,75,0,1,2,1,1,2
2854,11,0,1,7,3,0,1
2855,80,0,1,5,2,2,0
2856,0,41,0,12,1,1,2
2857,2,0,1,5,1,1,2
2858,46,0,1,5,1,1,2
2859,0,2,0,12,2,1,1
2860,80,0,1,3,1,2,1
2861,43,0,1,8,1,3,0
2862,0,75,0,3,2,0,2
2863,20,0,1,6,2,1,1
2864,2,0,1,11,2,1,1
2865,0,15,0,11,1,2,1
2866,18,0,1,6,3,1,0
2867,0,80,0,5,1,1,2
2868,2,0,1,12,2,2,0
2869,0,64,0,3,1,1,2
2870,62,0,1,4,1,1,2
2871,0,8,0,4,1,2,1
2872,0,69,0,1,1,1,2
2873,80,0,1,5,1,2,1
2874,2,0,1,7,2,1,1
2875,0,42,0,5,1,2,1
2876,74,0,1,4,3,1,0
2877,2,0,1,10,1,1,2
2878,38,0,1,10,2,0,2
2879,53,0,1,5,1,2,1
2880,0,20,0,4,3,1,0
2881,18,0,1,3,1,2,1
2882,80,0,1,3,2,0,2
2883,22,0,1,1,2,2,0
2884,0,19,0,12,1,2,1
2885,0,16,0,8,1,1,2
2886,0,80,0,5,1,3,0
2887,20,0,1,6,1,2,1
2888,0,72,0,18,1,1,2
2889,0,39,0,7,1,1,2
2890,22,0,1,8,2,2,0
2891,13,0,1,8,2,1,1
2892,52,0,1,7,2,2,0
2893,24,0,1,10,1,2,1
2894,0,10,0,4,1,2,1
2895,18,0,1,3,1,1,2
2896,80,0,1,10,1,2,1
2897,4,0,1,6,1,2,1
2898,3,0,1,9,1,2,1
2899,11,0,1,9,2,1,1
2900,40,0,1,14,1,1,2
2901,16,0,1,6,1,1,2
2902,0,9,0,12,2,2,0
2903,63,0,1,2,1,2,1
2904,0,2,0,12,1,1,2
2905,2,0,1,9,1,2,1
2906,7,0,1,6,1,1,2
2907,0,15,0,9,2,1,1
2908,34,0,1,6,1,2,1
2909,80,0,1,5,1,2,1
2910,0,33,0,4,1,2,1
2911,0,2,0,7,1,2,1
2912,27,0,1,8,2,1,1
2913,0,13,0,6,2,0,2
2914,22,0,1,5,1,1,2
2915,23,0,1,6,1,2,1
2916,27,0,1,11,1,3,0
2917,0,8,0,6,1,2,1
2918,0,14,0,4,1,1,2
2919,28,0,1,4,2,1,1
2920,0,76,0,4,1,2,1
2921,0,12,0,10,1,2,1
2922,0,32,0,1,1,2,1
2923,76,0,1,4,1,1,2
2924,0,65,0,18,1,1,2
2925,10,0,1,5,1,1,2
2926,37,0,1,10,2,1,1
2927,80,0,1,9,2,1,1
2928,0,38,0,10,1,1,2
2929,3,0,1,4,1,2,1
2930,36,0,1,8,2,1,1
2931,0,18,0,3,1,2,1
2932,0,31,0,3,2,1,1
2933,0,73,0,7,2,1,1
2934,37,0,1,11,2,2,0
2935,0,80,0,9,1,1,2
2936,0,12,0,7,2,1,1
2937,0,44,0,6,1,1,2
2938,72,0,1,2,1,2,1
2939,0,5,0,12,4,0,0
2940,0,6,0,7,1,2,1
2941,0,80,0,9,2,1,1
2942,19,0,1,9,1,1,2
2943,46,0,1,6,2,1,1
2944,0,80,0,0,1,2,1
2945,64,0,1,2,1,3,0
2946,29,0,1,11,2,1,1
2947,0,67,0,5,1,2,1
2948,0,80,0,3,2,2,0
2949,0,80,0,10,2,1,1
2950,2,0,1,6,2,1,1
2951,0,61,0,5,1,2,1
2952,0,80,0,3,1,2,1
2953,0,26,0,6,2,1,1
2954,9,0,1,4,1,3,0
2955,0,36,0,6,3,1,0
2956,0,41,0,9,1,2,1
2957,0,14,0,6,1,3,0
2958,0,16,0,8,2,1,1
2959,0,19,0,6,2,0,2
2960,0,72,0,7,2,1,1
2961,13,0,1,5,2,1,1
2962,48,0,1,8,2,0,2
2963,0,16,0,9,1,2,1
2964,0,11,0,5,2,0,2
2965,7,0,1,4,1,2,1
2966,34,0,1,9,1,2,1
2967,51,0,1,3,1,1,2
2968,5,0,1,5,2,1,1
2969,9,0,1,2,1,1,2
2970,0,67,0,6,2,0,2
2971,0,19,0,6,2,1,1
2972,17,0,1,5,2,2,0
2973,0,15,0,9,1,1,2
2974,80,0,1,13,1,2,1
2975,9,0,1,6,1,1,2
2976,80,0,1,4,2,1,1
2977,80,0,1,9,2,1,1
2978,2,0,1,7,2,1,1
2979,47,0,1,7,1,2,1
2980,0,7,0,10,1,3,0
2981,0,49,0,6,1,1,2
2982,80,0,1,4,1,1,2
2983,0,15,0,11,1,2,0
2984,10,0,1,5,2,1,1
2985,43,0,1,5,1,1,2
2986,80,0,1,11,2,0,2
2987,0,72,0,3,1,1,2
2988,27,0,1,7,2,1,1
2989,66,0,1,4,1,1,2
2990,56,0,1,9,1,3,0
2991,5,0,1,14,1,2,1
2992,0,14,0,11,2,0,2
2993,0,80,0,7,2,0,2
2994,7,0,1,9,2,1,1
2995,0,64,0,9,3,0,1
2996,0,61,0,4,1,1,2
2997,0,4,0,5,2,2,0
2998,0,80,0,1,2,2,0
2999,9,0,1,10,1,2,1
3000,21,0,1,19,3,0,1
3001,0,36,0,3,1,1,2
3002,7,0,1,9,1,1,2
3003,0,78,0,6,1,1,2
3004,0,71,0,9,2,0,2
3005,0,60,0,5,1,2,1
3006,56,0,1,13,1,3,0
3007,60,0,1,1,1,2,1
3008,13,0,1,11,1,3,0
3009,0,79,0,3,1,1,2
3010,0,8,0,13,2,0,2
3011,0,80,0,6,1,1,2
3012,15,0,1,11,1,2,1
3013,7,0,1,12,1,2,1
3014,0,80,0,15,2,1,1
3015,5,0,1,4,1,1,2
3016,0,80,0,6,1,1,1
3017,0,80,0,1,2,0,2
3018,80,0,1,9,2,1,1
3019,2,0,1,10,1,1,2
3020,3,0,1,8,1,2,1
3021,0,23,0,3,2,0,2
3022,3,0,1,10,1,1,2
3023,0,8,0,4,1,1,2
3024,0,37,0,7,2,1,1
3025,10,0,1,13,1,1,2
3026,41,0,1,5,1,2,1
3027,0,15,0,6,3,1,0
3028,0,71,0,7,2,1,1
3029,65,0,1,8,1,2,1
3030,15,0,1,2,2,2,0
3031,0,12,0,13,2,1,1
3032,0,78,0,6,2,1,1
3033,0,75,0,5,2,1,1
3034,2,0,1,11,2,1,1
3035,0,80,0,1,2,0,2
3036,5,0,1,3,3,0,1
3037,0,80,0,5,2,0,2
3038,15,0,1,5,2,2,0
3039,29,0,1,5,1,2,1
3040,0,65,0,12,2,1,1
3041,0,35,0,5,1,1,2
3042,7,0,1,9,2,2,0
3043,80,0,1,7,1,1,2
3044,80,0,1,1,1,2,1
3045,0,80,0,5,1,1,2
3046,0,61,0,4,1,2,1
3047,48,0,1,7,1,1,2
3048,4,0,1,13,1,2,1
3049,43,0,1,8,1,1,2
3050,3,0,1,6,2,0,2
3051,61,0,1,2,1,2,1
3052,0,42,0,8,1,1,2
3053,80,0,1,5,1,2,1
3054,0,13,0,7,1,1,2
3055,0,80,0,8,2,1,1
3056,0,80,0,1,2,0,2
3057,58,0,1,6,2,1,1
3058,20,0,1,7,1,2,1
3059,51,0,1,4,2,1,1
3060,0,80,0,2,3,0,1
3061,39,0,1,2,2,1,1
3062,80,0,1,6,1,1,2
3063,0,11,0,8,2,0,2
3064,0,17,0,7,2,0,2
3065,0,80,0,5,1,1,2
3066,0,76,0,4,1,1,2
3067,10,0,1,9,1,1,2
3068,7,0,1,7,1,1,2
3069,0,10,0,7,2,0,2
3070,0,44,0,5,2,1,1
3071,80,0,1,2,2,1,1
3072,80,0,1,3,1,1,2
3073,0,80,0,2,1,2,1
3074,0,23,0,4,1,1,2
3075,0,61,0,4,2,1,1
3076,74,0,1,2,1,1,2
3077,3,0,1,17,2,1,1
3078,0,49,0,2,2,0,2
3079,5,0,1,14,1,1,2
3080,0,45,0,1,1,3,0
3081,0,79,0,9,1,1,2
3082,24,0,1,6,1,2,1
3083,0,77,0,4,1,1,2
3084,14,0,1,1,1,2,1
3085,80,0,1,6,1,3,0
3086,0,6,0,9,1,1,2
3087,80,0,1,3,3,1,0
3088,26,0,1,5,1,1,2
3089,53,0,1,6,1,2,1
3090,54,0,1,7,2,1,1
3091,0,47,0,15,3,0,1
3092,11,0,1,5,3,1,0
3093,7,0,1,9,1,1,2
3094,0,2,0,12,2,1,1
3095,0,21,0,10,1,3,0
3096,0,8,0,8,2,0,2
3097,15,0,1,8,2,1,0
3098,0,80,0,3,1,1,2
3099,3,0,1,18,1,2,1
3100,0,71,0,9,1,1,1
3101,75,0,1,1,1,2,1
3102,5,0,1,12,2,1,1
3103,0,43,0,9,1,1,2
3104,0,71,0,5,1,1,2
3105,0,55,0,10,2,0,2
3106,0,11,0,5,1,1,2
3107,18,0,1,6,1,1,2
3108,6,0,1,11,1,2,1
3109,0,15,0,6,2,1,1
3110,8,0,1,4,2,0,2
3111,12,0,1,6,2,2,0
3112,0,54,0,8,1,1,2
3113,11,0,1,5,2,1,1
3114,0,16,0,6,1,3,0
3115,0,80,0,2,1,2,1
3116,26,0,1,3,1,2,1
3117,0,10,0,5,1,1,2
3118,0,5,0,12,1,3,0
3119,0,80,0,4,2,1,1
3120,36,0,1,4,2,1,1
3121,80,0,1,9,2,1,1
3122,0,80,0,4,1,3,0
3123,58,0,1,4,1,1,2
3124,2,0,1,6,2,1,1
3125,0,52,0,4,2,1,1
3126,32,0,1,6,2,1,1
3127,0,80,0,5,1,2,1
3128,0,80,0,3,1,1,2
3129,46,0,1,10,4,0,0
3130,7,0,1,4,3,0,1
3131,80,0,1,6,1,1,2
3132,80,0,1,8,2,2,0
3133,69,0,1,9,2,1,1
3134,0,23,0,7,2,1,1
3135,64,0,1,2,1,1,2
3136,7,0,1,16,2,2,0
3137,0,57,0,3,2,2,0
3138,27,0,1,3,1,1,2
3139,3,0,1,13,1,2,1
3140,66,0,1,3,1,1,2
3141,80,0,1,2,3,1,0
3142,64,0,1,5,3,1,0
3143,0,8,0,8,1,1,2
3144,44,0,1,12,2,0,2
3145,32,0,1,4,2,0,2
3146,19,0,1,6,1,2,1
3147,0,64,0,5,2,0,2
3148,0,11,0,5,2,0,2
3149,59,0,1,7,1,1,2
3150,3,0,1,3,2,1,1
3151,0,79,0,9,1,2,1
3152,0,80,0,0,1,1,2
3153,33,0,1,7,2,2,0
3154,0,71,0,6,1,1,2
3155,54,0,1,10,1,3,0
3156,10,0,1,8,2,0,2
3157,10,0,1,8,1,1,2
3158,43,0,1,4,1,1,2
3159,80,0,1,12,2,2,0
3160,6,0,1,9,1,1,2
3161,25,0,1,10,2,0,2
3162,2,0,1,11,4,0,0
3163,0,16,0,7,2,0,2
3164,0,11,0,4,1,2,1
3165,0,80,0,12,1,2,1
3166,0,63,0,8,1,1,2
3167,58,0,1,4,1,1,2
3168,0,64,0,13,2,2,0
3169,0,21,0,2,2,1,1
3170,0,2,0,8,1,1,2
3171,59,0,1,3,1,1,2
3172,0,72,0,4,2,1,1
3173,0,78,0,6,2,1,1
3174,25,0,1,7,1,2,1
3175,31,0,1,8,2,1,1
3176,0,73,0,10,2,1,1
3177,45,0,1,3,3,1,0
3178,26,0,1,8,1,2,1
3179,0,12,0,4,3,0,1
3180,3,0,1,8,1,1,2
3181,0,23,0,7,2,1,1
3182,9,0,1,6,2,2,0
3183,0,80,0,6,1,2,1
3184,5,0,1,4,1,2,1
3185,5,0,1,2,1,2,1
3186,0,14,0,3,1,2,1
3187,15,0,1,5,1,2,0
3188,21,0,1,14,1,2,1
3189,0,19,0,10,3,0,1
3190,41,0,1,6,1,1,2
3191,2,0,1,11,2,0,2
3192,0,55,0,1,2,1,1
3193,0,43,0,17,3,0,0
3194,2,0,1,14,1,2,1
3195,0,38,0,13,2,1,1
3196,2,0,1,7,1,2,1
3197,52,0,1,9,1,1,2
3198,80,0,1,8,1,3,0
3199,69,0,1,7,2,1,1
3200,0,80,0,3,1,1,2
3201,2,0,1,7,1,2,1
3202,0,30,0,10,2,2,0
3203,0,6,0,5,1,2,1
3204,12,0,1,6,2,1,1
3205,54,0,1,2,1,1,2
3206,0,27,0,11,2,2,0
3207,14,0,1,3,2,2,0
3208,57,0,1,3,1,1,2
3209,17,0,1,5,1,1,2
3210,4,0,1,7,1,1,2
3211,43,0,1,9,1,2,1
3212,0,19,0,4,1,1,2
3213,0,19,0,11,1,2,1
3214,0,64,0,11,2,0,2
3215,12,0,1,8,2,1,1
3216,37,0,1,13,2,0,2
3217,10,0,1,9,2,1,1
3218,5,0,1,8,2,1,1
3219,34,0,1,7,1,1,2
3220,80,0,1,4,2,1,1
3221,0,16,0,8,2,0,2
3222,2,0,1,11,2,1,1
3223,0,19,0,9,2,1,1
3224,77,0,1,5,3,1,0
3225,13,0,1,4,1,2,1
3226,0,77,0,9,2,1,1
3227,0,77,0,9,3,0,1
3228,14,0,1,7,1,2,1
3229,32,0,1,13,2,0,1
3230,61,0,1,5,1,3,0
3231,5,0,1,10,1,2,1
3232,0,64,0,6,1,1,2
3233,0,17,0,1,1,1,2
3234,0,13,0,9,1,1,2
3235,0,57,0,1,1,2,1
3236,11,0,1,4,1,3,0
3237,0,80,0,2,2,0,2
3238,0,14,0,14,3,0,1
3239,80,0,1,4,1,3,0
3240,26,0,1,9,2,0,2
3241,0,4,0,9,2,0,2
3242,0,72,0,12,2,0,2
3243,0,80,0,3,1,2,1
3244,28,0,1,3,2,0,2
3245,11,0,1,10,2,2,0
3246,0,75,0,7,1,2,1
3247,80,0,1,7,1,2,1
3248,40,0,1,5,2,1,1
3249,2,0,1,5,1,2,1
3250,0,80,0,4,2,0,2
3251,0,2,0,11,2,0,2
3252,0,17,0,9,1,3,0
3253,3,0,1,13,3,1,0
3254,0,4,0,9,1,1,2
3255,0,17,0,12,2,1,1
3256,0,80,0,2,1,1,2
3257,0,25,0,8,1,2,1
3258,7,0,1,5,1,1,2
3259,79,0,1,6,2,1,1
3260,6,0,1,12,1,1,2
3261,10,0,1,6,1,1,2
3262,0,80,0,15,2,1,1
3263,30,0,1,3,1,3,0
3264,70,0,1,1,1,1,2
3265,0,18,0,2,2,1,1
3266,54,0,1,9,1,2,1
3267,2,0,1,12,3,0,0
3268,0,15,0,5,2,1,1
3269,20,0,1,5,1,1,2
3270,70,0,1,3,1,2,1
3271,80,0,1,10,1,1,2
3272,80,0,1,9,1,1,2
3273,46,0,1,8,1,1,2
3274,80,0,1,10,1,2,1
3275,0,25,0,6,2,2,0
3276,0,64,0,10,2,2,0
3277,0,80,0,5,3,0,1
3278,2,0,1,11,2,1,1
3279,0,25,0,7,2,2,0
3280,0,10,0,14,3,1,0
3281,16,0,1,4,2,2,0
3282,0,2,0,8,1,2,1
3283,41,0,1,9,1,1,2
3284,0,12,0,9,2,0,2
3285,0,11,0,7,1,2,1
3286,80,0,1,5,1,1,1
3287,0,3,0,5,1,1,2
3288,47,0,1,4,2,1,1
3289,0,80,0,8,1,3,0
3290,53,0,1,8,1,1,2
3291,12,0,1,5,1,1,2
3292,11,0,1,3,1,2,1
3293,13,0,1,10,2,0,2
3294,79,0,1,5,2,0,2
3295,19,0,1,4,2,0,2
3296,62,0,1,12,2,1,1
3297,0,71,0,13,1,2,0
3298,22,0,1,6,2,1,1
3299,59,0,1,5,1,1,2
3300,0,80,0,4,2,2,0
3301,9,0,1,8,1,2,1
3302,0,80,0,2,2,1,1
3303,0,64,0,3,1,3,0
3304,2,0,1,3,1,2,1
3305,0,18,0,11,1,3,0
3306,0,68,0,10,2,1,1
3307,80,0,1,8,2,2,0
3308,0,41,0,4,1,1,2
3309,75,0,1,8,2,0,2
3310,0,41,0,4,1,1,2
3311,75,0,1,6,2,0,2
3312,0,40,0,4,1,2,1
3313,42,0,1,3,2,0,2
3314,0,16,0,7,1,1,2
3315,0,14,0,4,2,2,0
3316,21,0,1,2,1,1,2
3317,15,0,1,5,1,1,2
3318,2,0,1,4,1,2,1
3319,20,0,1,7,1,2,1
3320,58,0,1,2,1,3,0
3321,50,0,1,8,2,0,2
3322,0,5,0,5,1,2,0
3323,0,2,0,8,2,1,1
3324,53,0,1,6,1,1,2
3325,0,33,0,3,1,1,2
3326,80,0,1,4,1,1,2
3327,64,0,1,5,1,2,1
3328,0,8,0,10,2,1,1
3329,80,0,1,7,2,1,1
3330,0,52,0,9,2,0,2
3331,0,80,0,5,2,1,1
3332,0,68,0,5,2,2,0
3333,0,54,0,5,1,2,1
3334,23,0,1,2,1,2,1
3335,17,0,1,9,1,2,1
3336,0,18,0,2,2,1,1
3337,0,54,0,2,1,1,2
3338,0,30,0,3,2,1,1
3339,0,48,0,11,3,1,0
3340,0,80,0,5,2,0,2
3341,2,0,1,12,1,2,1
3342,23,0,1,8,2,1,1
3343,0,80,0,10,1,1,2
3344,7,0,1,8,2,1,1
3345,16,0,1,7,1,2,1
3346,80,0,1,4,1,2,1
3347,0,80,0,8,1,1,2
3348,0,80,0,11,2,1,1
3349,0,11,0,22,1,2,1
3350,77,0,1,2,3,0,1
3351,0,80,0,7,1,1,2
3352,0,80,0,5,1,1,2
3353,33,0,1,5,1,2,1
3354,0,19,0,3,2,0,2
3355,0,11,0,5,1,2,1
3356,0,80,0,8,2,1,1
3357,0,80,0,3,1,1,2
3358,11,0,1,5,2,1,1
3359,0,4,0,9,2,1,1
3360,0,7,0,5,2,2,0
3361,2,0,1,15,1,2,1
3362,2,0,1,14,1,2,1
3363,0,80,0,8,1,3,0
3364,3,0,1,5,3,1,0
3365,40,0,1,8,1,3,0
3366,50,0,1,5,1,1,2
3367,16,0,1,7,1,1,2
3368,54,0,1,5,2,2,0
3369,54,0,1,20,2,2,0
3370,5,0,1,10,3,0,1
3371,0,10,0,3,2,1,1
3372,3,0,1,11,2,0,2
3373,0,65,0,0,2,0,2
3374,80,0,1,9,1,2,1
3375,0,6,0,9,2,0,2
3376,0,5,0,23,2,1,1
3377,21,0,1,3,2,1,1
3378,4,0,1,14,3,0,1
3379,80,0,1,5,1,1,2
3380,0,77,0,9,1,1,2
3381,0,74,0,6,2,1,1
3382,0,7,0,3,1,1,2
3383,0,58,0,3,1,1,2
3384,16,0,1,4,1,1,2
3385,13,0,1,5,1,2,1
3386,57,0,1,5,2,0,2
3387,80,0,1,7,1,3,0
3388,0,80,0,4,1,2,1
3389,0,35,0,1,2,2,0
3390,0,66,0,4,3,0,1
3391,20,0,1,9,1,2,1
3392,0,80,0,9,2,0,2
3393,15,0,1,8,1,2,1
3394,9,0,1,7,1,2,1
3395,80,0,1,4,1,2,1
3396,6,0,1,6,1,1,2
3397,15,0,1,5,2,0,2
3398,80,0,1,5,1,3,0
3399,3,0,1,7,1,2,0
3400,2,0,1,5,2,1,1
3401,80,0,1,5,2,1,1
3402,2,0,1,13,1,2,1
3403,0,10,0,7,1,1,2
3404,8,0,1,9,1,1,2
3405,0,60,0,5,1,2,1
3406,0,80,0,4,1,1,2
3407,0,44,0,10,3,1,0
3408,63,0,1,5,2,1,1
3409,63,0,1,6,1,1,2
3410,0,18,0,13,2,0,1
3411,0,15,0,6,1,2,1
3412,0,50,0,10,1,2,1
3413,19,0,1,13,2,1,1
3414,21,0,1,4,1,1,2
3415,2,0,1,4,2,1,1
3416,0,41,0,4,2,2,0
3417,0,80,0,6,3,0,0
3418,0,6,0,8,3,0,1
3419,43,0,1,5,1,3,0
3420,0,50,0,3,2,0,2
3421,24,0,1,3,2,2,0
3422,4,0,1,7,1,1,2
3423,0,68,0,3,1,1,2
3424,0,38,0,3,2,1,1
3425,31,0,1,7,1,2,1
3426,0,80,0,1,2,1,1
3427,31,0,1,12,3,0,1
3428,0,14,0,9,2,0,2
3429,80,0,1,8,3,1,0
3430,0,7,0,12,1,1,2
3431,42,0,1,8,2,0,2
3432,23,0,1,5,2,1,1
3433,2,0,1,4,1,1,2
3434,0,57,0,5,1,2,1
3435,0,5,0,9,2,1,1
3436,12,0,1,6,1,1,2
3437,8,0,1,13,1,2,1
3438,28,0,1,16,1,2,1
3439,0,20,0,6,1,2,1
3440,37,0,1,5,1,1,2
3441,0,67,0,9,2,2,0
3442,0,7,0,5,1,2,1
3443,0,9,0,6,2,2,0
3444,0,80,0,5,1,2,1
3445,80,0,1,3,1,1,2
3446,25,0,1,10,1,3,0
3447,0,42,0,3,1,2,1
3448,34,0,1,3,1,2,1
3449,15,0,1,11,3,0,1
3450,0,7,0,9,2,0,2
3451,0,17,0,6,4,0,0
3452,61,0,1,9,1,1,2
3453,65,0,1,5,2,2,0
3454,12,0,1,8,1,1,2
3455,0,4,0,9,1,1,2
3456,80,0,1,4,2,1,1
3457,80,0,1,12,1,2,1
3458,0,71,0,11,2,1,1
3459,74,0,1,5,1,1,2
3460,0,9,0,8,1,2,1
3461,0,45,0,11,2,0,2
3462,0,77,0,5,2,1,1
3463,0,2,0,12,1,1,2
3464,56,0,1,5,1,2,1
3465,43,0,1,6,1,1,2
3466,4,0,1,3,1,2,1
3467,80,0,1,4,2,1,1
3468,0,40,0,7,2,0,2
3469,13,0,1,7,1,2,1
3470,0,12,0,9,3,0,1
3471,0,78,0,6,2,2,0
3472,0,16,0,7,2,0,2
3473,0,44,0,2,2,1,1
3474,0,48,0,10,2,1,1
3475,0,50,0,14,1,1,2
3476,50,0,1,8,1,1,2
3477,2,0,1,7,3,0,1
3478,2,0,1,15,2,0,2
3479,0,18,0,8,2,1,1
3480,44,0,1,5,2,1,1
3481,0,10,0,9,1,1,2
3482,61,0,1,5,3,1,0
3483,80,0,1,6,1,1,2
3484,0,70,0,7,2,1,1
3485,0,80,0,10,1,1,2
3486,9,0,1,6,1,1,2
3487,3,0,1,5,1,1,2
3488,2,0,1,14,2,1,1
3489,0,10,0,13,1,2,1
3490,0,12,0,9,3,0,1
3491,2,0,1,12,2,0,2
3492,0,40,0,12,1,2,1
3493,75,0,1,2,1,1,2
3494,0,62,0,9,1,2,1
3495,20,0,1,4,2,1,1
3496,13,0,1,8,1,1,2
3497,80,0,1,1,1,1,2
3498,0,9,0,10,2,1,1
3499,3,0,1,8,2,0,2
3500,50,0,1,9,2,2,0
3501,75,0,1,5,1,2,1
3502,22,0,1,4,1,2,1
3503,0,23,0,7,1,1,2
3504,27,0,1,5,1,3,0
3505,4,0,1,5,2,2,0
3506,29,0,1,12,2,1,1
3507,0,17,0,3,1,2,1
3508,0,80,0,6,2,1,1
3509,54,0,1,7,1,1,1
3510,0,80,0,8,1,1,2
3511,0,8,0,2,2,1,1
3512,0,46,0,1,1,2,1
3513,2,0,1,7,2,0,2
3514,2,0,1,24,2,1,1
3515,24,0,1,3,1,2,1
3516,38,0,1,8,1,2,1
3517,37,0,1,3,1,2,1
3518,0,14,0,10,2,0,2
3519,0,80,0,2,1,1,2
3520,0,60,0,9,1,2,0
3521,43,0,1,4,1,2,1
3522,5,0,1,5,1,1,2
3523,0,61,0,8,1,1,2
3524,0,20,0,7,1,1,2
3525,33,0,1,5,2,2,0
3526,0,17,0,6,1,1,2
3527,0,7,0,6,2,0,2
3528,0,74,0,8,1,1,2
3529,11,0,1,6,1,2,1
3530,10,0,1,2,3,1,0
3531,80,0,1,8,3,1,0
3532,14,0,1,9,1,1,2
3533,4,0,1,6,2,0,2
3534,0,80,0,5,2,2,0
3535,0,80,0,6,1,2,1
3536,48,0,1,9,2,2,0
3537,0,19,0,11,1,1,2
3538,0,80,0,7,2,1,1
3539,18,0,1,9,1,2,1
3540,0,80,0,8,2,1,1
3541,0,22,0,9,2,2,0
3542,14,0,1,17,2,2,0
3543,80,0,1,9,1,1,2
3544,0,37,0,7,2,1,1
3545,20,0,1,6,1,2,1
3546,12,0,1,6,3,0,1
3547,15,0,1,6,1,1,2
3548,13,0,1,7,1,1,2
3549,36,0,1,7,1,1,2
3550,0,37,0,6,1,1,2
3551,51,0,1,4,1,1,2
3552,0,50,0,7,3,1,0
3553,0,18,0,2,2,2,0
3554,54,0,1,4,1,1,2
3555,0,17,0,12,1,2,1
3556,0,15,0,13,2,0,2
3557,0,12,0,10,2,0,2
3558,0,20,0,5,3,1,0
3559,0,31,0,8,1,1,2
3560,0,71,0,2,1,3,0
3561,54,0,1,4,1,1,2
3562,80,0,1,5,1,2,1
3563,13,0,1,10,2,0,2
3564,0,24,0,6,2,2,0
3565,0,41,0,4,2,2,0
3566,0,74,0,10,1,1,2
3567,22,0,1,8,2,2,0
3568,0,69,0,2,1,2,1
3569,11,0,1,11,1,2,1
3570,41,0,1,12,1,1,2
3571,80,0,1,15,1,2,1
3572,0,64,0,6,3,0,1
3573,0,11,0,10,2,0,2
3574,6,0,1,6,2,1,1
3575,37,0,1,11,2,0,2
3576,0,80,0,6,1,1,2
3577,0,58,0,8,1,2,1
3578,0,4,0,3,2,0,2
3579,0,61,0,9,1,1,2
3580,67,0,1,4,1,1,2
3581,0,80,0,10,1,2,1
3582,80,0,1,5,1,1,2
3583,29,0,1,15,1,1,2
3584,19,0,1,12,1,2,1
3585,0,34,0,4,1,1,2
3586,4,0,1,6,2,1,1
3587,0,80,0,5,1,2,1
3588,0,46,0,4,1,1,2
3589,36,0,1,9,3,1,0
3590,0,36,0,4,1,2,1
3591,62,0,1,5,1,1,2
3592,0,25,0,3,1,2,1
3593,17,0,1,6,1,1,2
3594,80,0,1,8,1,1,2
3595,17,0,1,5,2,1,1
3596,0,2,0,11,2,0,2
3597,3,0,1,10,4,0,0
3598,18,0,1,7,1,2,1
3599,80,0,1,10,2,0,2
3600,0,51,0,4,2,1,1
3601,65,0,1,4,1,1,2
3602,50,0,1,9,2,2,0
3603,61,0,1,3,2,1,1
3604,45,0,1,5,2,1,1
3605,19,0,1,3,1,1,2
3606,0,80,0,6,1,2,0
3607,70,0,1,4,2,2,0
3608,24,0,1,8,2,1,1
3609,2,0,1,6,3,0,1
3610,64,0,1,7,2,1,1
3611,3,0,1,11,1,2,1
3612,4,0,1,4,2,2,0
3613,7,0,1,7,1,1,2
3614,0,25,0,8,2,1,1
3615,0,10,0,9,2,0,2
3616,68,0,1,5,1,1,2
3617,49,0,1,11,2,1,1
3618,0,80,0,4,2,1,1
3619,0,11,0,3,2,2,0
3620,0,3,0,12,1,1,2
3621,0,66,0,7,2,1,1
3622,53,0,1,5,1,2,1
3623,34,0,1,2,3,1,0
3624,0,80,0,8,1,2,1
3625,3,0,1,8,1,2,1
3626,51,0,1,7,4,0,0
3627,80,0,1,5,2,0,2
3628,0,55,0,6,2,1,1
3629,0,80,0,11,3,0,0
3630,55,0,1,9,3,1,0
3631,0,5,0,7,2,1,1
3632,46,0,1,9,2,1,1
3633,27,0,1,6,1,2,1
3634,0,4,0,6,2,1,1
3635,58,0,1,4,2,0,2
3636,2,0,1,8,1,2,1
3637,5,0,1,13,1,2,1
3638,0,4,0,5,1,3,0
3639,9,0,1,5,2,2,0
3640,2,0,1,5,2,2,0
3641,23,0,1,12,3,1,0
3642,42,0,1,9,2,0,2
3643,0,44,0,10,1,2,1
3644,0,80,0,4,4,0,0
3645,36,0,1,3,1,2,1
3646,7,0,1,15,1,1,2
3647,0,13,0,7,1,1,2
3648,5,0,1,9,2,1,1
3649,0,14,0,9,1,2,0
3650,57,0,1,3,1,2,1
3651,0,80,0,2,1,1,2
3652,0,80,0,5,2,1,1
3653,0,79,0,4,2,0,2
3654,9,0,1,12,2,2,0
3655,2,0,1,7,2,1,1
3656,2,0,1,7,1,1,2
3657,0,50,0,4,2,1,1
3658,0,80,0,6,2,2,0
3659,0,49,0,8,2,2,0
3660,0,80,0,2,1,1,2
3661,0,80,0,11,3,1,0
3662,0,18,0,6,2,1,1
3663,0,27,0,2,1,1,2
3664,25,0,1,6,2,1,1
3665,65,0,1,2,1,1,2
3666,0,57,0,8,2,1,1
3667,0,32,0,20,1,1,2
3668,0,10,0,5,2,2,0
3669,0,46,0,2,1,1,2
3670,3,0,1,8,2,1,1
3671,2,0,1,19,3,0,1
3672,2,0,1,11,2,0,2
3673,0,17,0,8,1,2,1
3674,7,0,1,12,2,0,2
3675,0,13,0,7,2,1,1
3676,13,0,1,5,1,2,1
3677,0,61,0,9,2,1,1
3678,6,0,1,14,2,1,1
3679,0,80,0,11,2,0,2
3680,0,80,0,7,2,1,1
3681,9,0,1,6,2,1,1
3682,45,0,1,6,1,1,2
3683,0,44,0,7,1,2,1
3684,80,0,1,9,1,2,1
3685,0,4,0,14,3,0,1
3686,23,0,1,9,2,1,1
3687,0,80,0,1,1,3,0
3688,0,65,0,7,2,1,1
3689,0,54,0,5,1,1,2
3690,0,75,0,1,2,1,1
3691,0,59,0,5,2,1,1
3692,32,0,1,8,1,1,2
3693,0,2,0,12,1,1,2
3694,14,0,1,6,1,2,1
3695,13,0,1,10,1,1,2
3696,0,18,0,12,1,1,2
3697,4,0,1,12,2,0,2
3698,0,35,0,9,2,0,2
3699,0,21,0,3,1,2,1
3700,18,0,1,7,1,1,2
3701,0,3,0,4,2,1,1
3702,80,0,1,6,1,1,2
3703,0,74,0,7,2,2,0
3704,0,11,0,7,3,1,0
3705,3,0,1,4,1,1,2
3706,80,0,1,6,1,2,1
3707,6,0,1,9,2,0,2
3708,0,80,0,4,3,0,1
3709,8,0,1,14,1,1,2
3710,2,0,1,9,2,1,1
3711,14,0,1,5,2,2,0
3712,0,54,0,7,1,1,2
3713,0,18,0,8,1,2,1
3714,0,80,0,4,1,1,2
3715,49,0,1,3,2,1,1
3716,0,42,0,2,1,2,1
3717,0,64,0,8,2,1,1
3718,0,12,0,4,2,1,1
3719,22,0,1,7,1,3,0
3720,0,32,0,14,1,2,1
3721,11,0,1,6,1,2,1
3722,4,0,1,3,1,1,2
3723,0,9,0,5,2,1,1
3724,2,0,1,5,1,1,2
3725,0,30,0,4,1,1,2
3726,0,79,0,14,2,2,0
3727,0,80,0,9,2,2,0
3728,0,14,0,11,1,1,2
3729,0,77,0,4,1,1,2
3730,0,80,0,7,1,1,2
3731,16,0,1,2,1,2,1
3732,57,0,1,7,2,0,2
3733,13,0,1,7,1,1,2
3734,0,60,0,11,2,1,1
3735,8,0,1,8,1,1,2
3736,0,9,0,7,3,1,0
3737,5,0,1,9,2,0,2
3738,0,75,0,7,2,1,1
3739,80,0,1,5,2,1,1
3740,44,0,1,5,1,1,2
3741,34,0,1,5,1,1,2
3742,66,0,1,18,2,0,2
3743,7,0,1,14,2,1,0
3744,80,0,1,2,1,3,0
3745,62,0,1,4,2,2,0
3746,8,0,1,8,2,2,0
3747,22,0,1,3,2,0,2
3748,20,0,1,6,1,1,2
3749,13,0,1,5,1,2,1
3750,0,16,0,5,2,2,0
3751,0,10,0,8,2,1,1
3752,6,0,1,10,2,0,2
3753,2,0,1,8,2,1,1
3754,0,76,0,7,1,2,1
3755,11,0,1,18,2,1,1
3756,2,0,1,11,1,3,0
3757,60,0,1,5,3,0,1
3758,25,0,1,8,2,2,0
3759,0,51,0,5,1,1,2
3760,0,53,0,7,3,1,0
3761,80,0,1,4,1,1,2
3762,7,0,1,7,2,2,0
3763,16,0,1,8,2,0,2
3764,0,33,0,20,3,0,1
3765,0,61,0,3,1,1,2
3766,0,15,0,7,2,0,2
3767,24,0,1,6,1,1,2
3768,8,0,1,4,1,2,1
3769,2,0,1,7,1,1,2
3770,0,8,0,8,2,2,0
3771,0,80,0,6,2,0,2
3772,15,0,1,8,1,1,2
3773,0,78,0,7,2,0,2
3774,20,0,1,6,1,1,2
3775,0,78,0,3,2,0,2
3776,30,0,1,6,2,1,1
3777,80,0,1,5,1,1,2
3778,0,80,0,3,2,0,2
3779,35,0,1,5,2,1,1
3780,5,0,1,5,1,3,0
3781,35,0,1,9,1,1,2
3782,0,10,0,11,1,2,1
3783,0,59,0,3,1,1,2
3784,2,0,1,9,3,0,1
3785,38,0,1,5,2,1,1
3786,10,0,1,12,2,1,1
3787,0,19,0,4,1,1,2
3788,80,0,1,12,2,1,1
3789,0,41,0,4,1,2,1
3790,0,74,0,15,3,1,0
3791,0,72,0,9,2,1,1
3792,0,72,0,6,2,1,1
3793,0,80,0,3,1,1,2
3794,5,0,1,11,2,0,2
3795,0,51,0,5,2,1,1
3796,2,0,1,5,1,1,2
3797,2,0,1,7,2,2,0
3798,0,9,0,7,1,2,1
3799,0,22,0,7,1,1,2
3800,0,30,0,7,2,0,2
3801,0,80,0,3,3,0,1
3802,80,0,1,5,1,1,2
3803,0,38,0,5,2,0,2
3804,0,76,0,4,2,1,1
3805,36,0,1,13,2,1,1
3806,0,72,0,4,2,2,0
3807,0,80,0,3,2,1,1
3808,21,0,1,5,2,1,1
3809,0,45,0,7,3,1,0
3810,0,77,0,3,1,1,2
3811,0,14,0,9,1,2,1
3812,10,0,1,7,2,0,2
3813,0,49,0,1,2,1,1
3814,0,24,0,8,1,2,1
3815,23,0,1,5,1,2,1
3816,0,67,0,3,2,2,0
3817,0,62,0,7,2,1,1
3818,0,22,0,11,2,1,1
3819,18,0,1,8,2,1,1
3820,0,80,0,3,1,1,2
3821,51,0,1,7,1,2,1
3822,15,0,1,23,1,3,0
3823,59,0,1,3,1,1,2
3824,0,80,0,11,1,1,2
3825,6,0,1,5,3,1,0
3826,0,28,0,3,1,2,1
3827,80,0,1,2,1,2,1
3828,0,18,0,7,2,1,1
3829,0,29,0,6,2,2,0
3830,46,0,1,3,2,0,2
3831,2,0,1,3,1,1,2
3832,17,0,1,3,2,0,2
3833,0,8,0,11,3,0,1
3834,2,0,1,14,1,2,1
3835,0,27,0,4,2,0,2
3836,0,59,0,11,2,1,1
3837,33,0,1,9,1,2,1
3838,67,0,1,5,1,1,2
3839,0,76,0,2,2,0,2
3840,2,0,1,9,2,0,2
3841,39,0,1,3,1,2,0
3842,15,0,1,9,1,2,1
3843,18,0,1,5,4,0,0
3844,4,0,1,7,2,1,1
3845,0,80,0,3,1,1,2
3846,0,40,0,12,1,1,2
3847,0,54,0,4,1,2,1
3848,53,0,1,5,2,1,1
3849,80,0,1,3,1,2,1
3850,54,0,1,5,2,0,2
3851,0,78,0,2,1,1,2
3852,62,0,1,5,1,2,1
3853,0,45,0,4,1,1,2
3854,0,80,0,9,1,2,1
3855,0,80,0,11,2,0,2
3856,30,0,1,6,2,1,1
3857,75,0,1,3,2,2,0
3858,17,0,1,5,3,1,0
3859,0,80,0,3,1,2,1
3860,41,0,1,7,2,2,0
3861,2,0,1,8,1,2,1
3862,2,0,1,7,1,1,2
3863,4,0,1,6,2,0,2
3864,80,0,1,2,1,1,2
3865,11,0,1,3,2,0,2
3866,0,18,0,1,1,1,2
3867,0,80,0,4,1,1,2
3868,0,59,0,5,1,1,2
3869,0,27,0,1,1,3,0
3870,11,0,1,6,2,0,2
3871,2,0,1,10,3,1,0
3872,2,0,1,7,1,2,1
3873,8,0,1,6,2,1,1
3874,70,0,1,10,2,1,0
3875,50,0,1,3,2,1,1
3876,0,80,0,10,1,1,2
3877,0,49,0,11,2,1,1
3878,3,0,1,13,2,0,2
3879,20,0,1,6,2,2,0
3880,0,23,0,7,1,2,1
3881,0,77,0,3,1,2,1
3882,0,80,0,4,2,2,0
3883,0,46,0,4,1,2,1
3884,18,0,1,8,2,2,0
3885,0,11,0,10,1,1,2
3886,0,8,0,6,1,1,2
3887,2,0,1,5,2,2,0
3888,0,14,0,9,1,2,1
3889,4,0,1,8,1,1,2
3890,28,0,1,8,1,1,2
3891,10,0,1,5,1,1,2
3892,10,0,1,7,2,1,1
3893,6,0,1,6,2,0,2
3894,0,58,0,7,1,1,2
3895,0,49,0,4,2,1,1
3896,0,5,0,6,3,0,1
3897,0,12,0,10,2,0,2
3898,0,17,0,8,2,0,2
3899,15,0,1,2,2,0,2
3900,0,12,0,5,1,3,0
3901,0,80,0,1,1,1,2
3902,0,31,0,7,2,2,0
3903,0,41,0,4,1,2,1
3904,75,0,1,2,1,3,0
3905,0,13,0,3,1,2,1
3906,0,58,0,6,2,1,1
3907,0,80,0,3,3,1,0
3908,21,0,1,7,3,0,1
3909,0,26,0,0,1,1,2
3910,22,0,1,4,1,2,1
3911,2,0,1,9,2,1,1
3912,0,52,0,3,1,1,2
3913,2,0,1,15,1,1,2
3914,21,0,1,8,2,1,1
3915,32,0,1,13,1,1,2
3916,0,56,0,3,1,1,2
3917,4,0,1,4,2,2,0
3918,0,7,0,11,3,0,1
3919,9,0,1,7,2,1,1
3920,14,0,1,4,1,1,2
3921,20,0,1,6,1,1,2
3922,2,0,1,8,1,1,2
3923,0,25,0,5,2,1,1
3924,31,0,1,8,3,1,0
3925,15,0,1,6,1,1,2
3926,0,80,0,4,1,2,1
3927,0,63,0,9,1,1,2
3928,2,0,1,10,2,2,0
3929,7,0,1,14,2,2,0
3930,9,0,1,10,2,2,0
3931,0,28,0,3,1,2,1
3932,80,0,1,4,1,2,1
3933,15,0,1,10,2,1,1
3934,0,80,0,1,2,0,2
3935,0,80,0,4,1,2,1
3936,0,80,0,3,1,1,2
3937,0,78,0,2,3,1,0
3938,9,0,1,7,2,1,1
3939,0,60,0,3,1,1,2
3940,0,7,0,11,1,1,2
3941,32,0,1,11,2,1,1
3942,54,0,1,3,3,1,0
3943,5,0,1,8,1,1,2
3944,47,0,1,9,1,1,2
3945,80,0,1,4,2,2,0
3946,80,0,1,5,1,1,2
3947,0,80,0,4,2,1,1
3948,0,18,0,8,2,2,0
3949,54,0,1,3,1,2,1
3950,0,80,0,4,1,2,1
3951,11,0,1,7,1,2,1
3952,0,67,0,5,2,1,1
3953,26,0,1,4,1,1,2
3954,0,60,0,3,1,1,2
3955,0,13,0,16,2,0,2
3956,0,80,0,2,1,2,1
3957,0,80,0,10,1,3,0
3958,18,0,1,4,1,3,0
3959,80,0,1,2,3,1,0
3960,70,0,1,5,1,1,2
3961,21,0,1,11,1,1,1
3962,0,20,0,5,1,1,2
3963,21,0,1,9,2,1,1
3964,0,3,0,9,1,2,1
3965,65,0,1,2,1,1,2
3966,2,0,1,11,1,3,0
3967,34,0,1,10,1,2,1
3968,64,0,1,6,1,1,2
3969,19,0,1,8,1,1,2
3970,80,0,1,4,2,1,1
3971,0,28,0,6,2,2,0
3972,11,0,1,18,3,0,1
3973,22,0,1,9,1,2,1
3974,23,0,1,4,2,2,0
3975,45,0,1,6,3,0,1
3976,0,8,0,12,1,1,2
3977,80,0,1,5,1,1,2
3978,0,18,0,6,1,2,1
3979,20,0,1,4,1,1,2
3980,0,58,0,12,2,1,1
3981,42,0,1,2,2,0,2
3982,6,0,1,4,1,1,2
3983,9,0,1,11,2,2,0
3984,58,0,1,4,2,1,1
3985,8,0,1,9,2,2,0
3986,37,0,1,5,1,2,1
3987,0,41,0,1,1,1,2
3988,27,0,1,7,1,1,2
3989,5,0,1,12,2,1,1
3990,0,80,0,7,3,1,0
3991,44,0,1,5,2,1,1
3992,40,0,1,6,3,1,0
3993,0,68,0,4,2,1,1
3994,4,0,1,6,2,0,2
3995,15,0,1,7,1,1,2
3996,3,0,1,3,1,1,2
3997,0,71,0,5,1,1,2
3998,0,17,0,9,1,1,2
3999,12,0,1,4,1,2,1
4000,0,51,0,9,2,1,1
4001,56,0,1,6,1,1,2
4002,0,16,0,11,2,1,1
4003,0,80,0,6,2,1,1
4004,3,0,1,6,2,0,2
4005,45,0,1,1,1,3,0
4006,0,53,0,2,1,1,2
4007,31,0,1,10,3,0,1
4008,80,0,1,8,1,1,2
4009,0,27,0,9,3,0,1
4010,12,0,1,12,3,0,1
4011,0,66,0,9,2,1,1
4012,0,4,0,13,1,1,2
4013,58,0,1,9,2,0,2
4014,79,0,1,8,1,2,1
4015,0,22,0,4,1,3,0
4016,6,0,1,6,4,0,0
4017,0,22,0,3,2,0,2
4018,0,50,0,8,1,1,2
4019,3,0,1,6,2,2,0
4020,4,0,1,6,1,1,2
4021,27,0,1,15,2,0,2
4022,67,0,1,3,1,1,2
4023,65,0,1,3,2,2,0
4024,62,0,1,7,2,1,1
4025,80,0,1,3,2,2,0
4026,0,80,0,9,1,1,1
4027,0,80,0,5,1,1,2
4028,0,28,0,10,2,0,2
4029,0,13,0,5,1,1,2
4030,26,0,1,20,1,1,2
4031,0,13,0,7,1,2,1
4032,0,10,0,9,1,1,2
4033,0,18,0,9,1,2,1
4034,0,18,0,9,1,1,2
4035,0,2,0,13,2,2,0
4036,38,0,1,7,1,2,1
4037,0,61,0,8,2,2,0
4038,25,0,1,11,2,1,1
4039,0,19,0,6,1,1,2
4040,0,80,0,10,2,1,1
4041,80,0,1,10,1,2,1
4042,0,13,0,8,2,1,1
4043,59,0,1,7,1,2,1
4044,9,0,1,11,1,2,1
4045,0,79,0,8,3,0,1
4046,0,20,0,14,2,0,2
4047,13,0,1,7,1,1,2
4048,17,0,1,3,1,1,2
4049,80,0,1,7,1,2,1
4050,56,0,1,3,2,1,1
4051,0,12,0,8,2,1,1
4052,11,0,1,7,1,1,2
4053,80,0,1,7,1,1,2
4054,74,0,1,6,3,1,0
4055,17,0,1,4,1,1,2
4056,0,80,0,4,1,2,1
4057,0,80,0,0,2,1,1
4058,0,57,0,8,1,2,1
4059,0,76,0,3,1,2,1
4060,0,39,0,3,1,3,0
4061,0,13,0,8,1,1,2
4062,19,0,1,3,1,1,2
4063,50,0,1,2,1,3,0
4064,0,47,0,9,3,1,0
4065,80,0,1,4,1,3,0
4066,29,0,1,4,1,2,1
4067,0,22,0,2,1,1,2
4068,66,0,1,4,2,0,2
4069,3,0,1,8,2,2,0
4070,0,18,0,13,1,1,2
4071,26,0,1,6,1,2,1
4072,0,2,0,9,3,0,1
4073,28,0,1,5,2,1,1
4074,0,77,0,11,4,0,0
4075,0,46,0,16,2,0,2
4076,55,0,1,4,3,0,1
4077,0,41,0,5,3,0,1
4078,0,19,0,3,2,1,1
4079,0,80,0,8,2,1,1
4080,0,10,0,9,1,1,2
4081,80,0,1,7,1,1,2
4082,5,0,1,8,1,2,1
4083,4,0,1,11,2,1,0
4084,80,0,1,3,1,2,1
4085,22,0,1,4,1,1,2
4086,0,28,0,3,2,2,0
4087,10,0,1,4,2,2,0
4088,0,12,0,12,2,1,1
4089,0,62,0,5,2,0,2
4090,5,0,1,13,1,1,2
4091,42,0,1,3,2,1,1
4092,11,0,1,8,2,0,2
4093,6,0,1,9,1,2,1
4094,0,62,0,5,1,2,1
4095,0,16,0,10,1,1,2
4096,0,12,0,4,1,2,1
4097,2,0,1,6,1,2,1
4098,55,0,1,7,2,0,2
4099,0,80,0,6,1,2,1
4100,0,5,0,7,1,3,0
4101,20,0,1,9,3,1,0
4102,0,68,0,6,1,2,0
4103,0,37,0,9,1,2,1
4104,17,0,1,8,1,2,1
4105,0,16,0,8,1,1,2
4106,0,73,0,8,2,0,2
4107,0,9,0,7,1,1,2
4108,4,0,1,12,1,1,1
4109,75,0,1,4,1,2,1
4110,0,80,0,6,3,1,0
4111,0,38,0,5,2,1,1
4112,0,19,0,6,1,3,0
4113,7,0,1,4,1,1,2
4114,0,26,0,3,1,1,2
4115,45,0,1,5,2,1,1
4116,49,0,1,4,3,0,1
4117,6,0,1,5,3,0,1
4118,0,80,0,12,1,2,1
4119,0,14,0,7,2,2,0
4120,0,10,0,7,2,1,1
4121,0,80,0,5,2,1,1
4122,80,0,1,3,1,2,1
4123,0,26,0,5,2,1,1
4124,70,0,1,9,2,2,0
4125,27,0,1,5,1,2,1
4126,0,79,0,11,1,1,2
4127,0,29,0,6,2,1,1
4128,0,10,0,4,1,1,2
4129,17,0,1,11,1,1,2
4130,3,0,1,3,1,2,1
4131,53,0,1,7,2,1,1
4132,80,0,1,7,1,1,2
4133,0,27,0,6,2,0,2
4134,80,0,1,6,1,2,1
4135,0,54,0,4,1,2,1
4136,80,0,1,3,1,2,1
4137,30,0,1,6,1,2,1
4138,0,10,0,6,1,1,2
4139,0,48,0,5,1,1,2
4140,4,0,1,15,3,1,0
4141,13,0,1,7,1,2,1
4142,0,80,0,3,1,1,2
4143,36,0,1,5,1,1,2
4144,0,53,0,11,1,1,2
4145,5,0,1,6,1,1,2
4146,10,0,1,15,2,0,2
4147,34,0,1,8,1,1,2
4148,55,0,1,7,3,0,1
4149,0,46,0,11,2,0,2
4150,0,62,0,5,1,2,1
4151,0,24,0,7,1,3,0
4152,0,10,0,15,1,1,2
4153,77,0,1,3,1,1,2
4154,9,0,1,7,2,1,1
4155,52,0,1,8,2,1,1
4156,77,0,1,1,3,1,0
4157,0,6,0,9,1,2,1
4158,0,80,0,1,2,0,2
4159,2,0,1,10,2,1,1
4160,53,0,1,5,1,1,2
4161,7,0,1,8,1,2,1
4162,0,25,0,9,2,2,0
4163,4,0,1,8,3,1,0
4164,0,32,0,2,1,1,2
4165,0,8,0,6,2,0,2
4166,2,0,1,13,1,2,1
4167,4,0,1,10,3,0,1
4168,9,0,1,11,1,1,2
4169,37,0,1,5,1,1,2
4170,0,33,0,15,1,1,2
4171,5,0,1,6,1,2,1
4172,37,0,1,14,2,2,0
4173,0,30,0,7,3,1,0
4174,59,0,1,4,1,2,1
4175,34,0,1,10,2,1,1
4176,25,0,1,2,1,2,1
4177,11,0,1,6,1,1,2
4178,0,17,0,4,1,1,2
4179,8,0,1,10,1,2,1
4180,0,80,0,2,2,0,2
4181,2,0,1,8,1,2,1
4182,76,0,1,1,1,1,2
4183,5,0,1,8,1,1,2
4184,0,23,0,8,2,0,2
4185,24,0,1,7,1,2,1
4186,0,13,0,12,1,1,2
4187,0,80,0,3,1,1,2
4188,80,0,1,2,1,1,2
4189,9,0,1,15,2,2,0
4190,6,0,1,8,1,1,2
4191,0,11,0,13,1,2,1
4192,0,18,0,0,1,2,1
4193,0,10,0,5,1,1,2
4194,0,19,0,7,1,1,2
4195,0,80,0,2,2,1,1
4196,26,0,1,9,2,2,0
4197,2,0,1,4,1,2,1
4198,0,74,0,8,2,1,1
4199,27,0,1,6,1,1,2
4200,0,18,0,4,1,2,1
4201,0,15,0,7,1,2,1
4202,80,0,1,4,1,1,2
4203,0,68,0,9,2,1,1
4204,0,56,0,12,2,1,1
4205,8,0,1,9,2,1,0
4206,17,0,1,4,1,1,2
4207,80,0,1,3,1,2,1
4208,21,0,1,7,1,1,2
4209,59,0,1,6,2,1,1
4210,2,0,1,6,1,1,2
4211,15,0,1,8,1,2,1
4212,0,80,0,4,1,1,2
4213,25,0,1,14,1,2,1
4214,0,10,0,6,2,1,0
4215,0,80,0,4,1,1,2
4216,0,2,0,9,4,0,0
4217,0,62,0,12,1,1,2
4218,60,0,1,3,1,1,2
4219,0,40,0,8,1,1,2
4220,8,0,1,4,2,0,2
4221,13,0,1,5,2,2,0
4222,0,7,0,9,1,1,2
4223,0,10,0,9,1,1,2
4224,0,5,0,10,2,1,1
4225,13,0,1,6,1,1,2
4226,0,9,0,7,1,2,1
4227,0,9,0,9,1,1,2
4228,0,54,0,12,2,1,1
4229,0,12,0,5,1,1,2
4230,37,0,1,4,1,2,1
4231,0,14,0,11,2,0,2
4232,35,0,1,2,1,1,2
4233,12,0,1,10,1,2,1
4234,0,80,0,4,2,0,2
4235,0,38,0,8,2,1,1
4236,0,67,0,6,2,0,2
4237,0,80,0,5,1,1,2
4238,0,20,0,5,1,1,2
4239,24,0,1,6,3,0,1
4240,0,54,0,1,1,1,2
4241,25,0,1,4,1,1,2
4242,13,0,1,4,1,1,2
4243,0,54,0,10,1,1,2
4244,15,0,1,10,2,2,0
4245,0,80,0,9,1,1,2
4246,80,0,1,4,2,0,2
4247,56,0,1,12,1,3,0
4248,46,0,1,3,2,0,2
4249,10,0,1,8,1,1,2
4250,80,0,1,5,1,2,1
4251,80,0,1,3,1,1,2
4252,18,0,1,12,1,1,2
4253,62,0,1,5,1,1,2
4254,2,0,1,10,2,1,1
4255,0,48,0,2,1,2,1
4256,40,0,1,8,2,1,1
4257,0,80,0,2,1,2,1
4258,21,0,1,8,2,1,1
4259,7,0,1,11,1,1,2
4260,58,0,1,5,3,1,0
4261,64,0,1,4,1,1,2
4262,0,40,0,4,2,1,1
4263,2,0,1,4,2,2,0
4264,0,35,0,19,2,0,2
4265,39,0,1,16,1,2,1
4266,11,0,1,5,1,1,2
4267,39,0,1,5,1,1,2
4268,2,0,1,7,1,1,2
4269,3,0,1,10,1,2,1
4270,80,0,1,2,2,0,2
4271,0,3,0,5,1,1,2
4272,2,0,1,4,2,1,1
4273,0,2,0,8,2,0,2
4274,0,4,0,9,2,1,1
4275,80,0,1,3,2,0,2
4276,15,0,1,10,1,2,1
4277,0,54,0,12,2,1,1
4278,42,0,1,3,1,1,2
4279,0,10,0,10,1,2,1
4280,31,0,1,16,1,1,2
4281,75,0,1,1,2,2,0
4282,5,0,1,2,2,2,0
4283,15,0,1,7,1,1,2
4284,0,10,0,7,2,1,1
4285,0,29,0,5,1,1,2
4286,11,0,1,9,1,2,1
4287,2,0,1,10,1,2,1
4288,3,0,1,11,2,1,1
4289,76,0,1,7,1,2,1
4290,5,0,1,4,2,1,1
4291,0,4,0,6,2,0,2
4292,17,0,1,8,2,0,2
4293,4,0,1,9,2,1,1
4294,20,0,1,6,2,2,0
4295,2,0,1,4,2,2,0
4296,0,18,0,6,2,1,1
4297,73,0,1,4,1,1,2
4298,0,60,0,15,1,1,2
4299,0,26,0,9,1,1,2
4300,0,52,0,6,1,2,1
4301,0,55,0,4,2,1,1
4302,0,15,0,5,1,3,0
4303,0,80,0,5,1,2,1
4304,54,0,1,7,2,2,0
4305,38,0,1,2,1,2,1
4306,80,0,1,9,2,2,0
4307,73,0,1,2,1,3,0
4308,74,0,1,6,3,1,0
4309,5,0,1,6,1,1,2
4310,0,80,0,1,2,1,1
4311,0,33,0,10,2,0,2
4312,2,0,1,10,1,1,2
4313,0,80,0,2,1,3,0
4314,62,0,1,5,2,2,0
4315,0,66,0,20,1,1,1
4316,69,0,1,4,2,2,0
4317,40,0,1,5,2,1,1
4318,29,0,1,5,1,2,1
4319,0,6,0,13,2,0,2
4320,0,80,0,11,3,1,0
4321,8,0,1,5,2,1,1
4322,0,2,0,6,1,2,1
4323,46,0,1,10,1,2,1
4324,0,54,0,5,2,0,2
4325,16,0,1,8,2,0,2
4326,0,21,0,5,2,2,0
4327,2,0,1,5,1,1,2
4328,0,19,0,5,1,3,0
4329,30,0,1,9,1,1,2
4330,9,0,1,4,1,1,2
4331,2,0,1,10,1,1,2
4332,0,80,0,5,1,1,2
4333,20,0,1,4,1,1,2
4334,0,80,0,3,2,1,1
4335,0,80,0,7,1,1,2
4336,0,23,0,4,1,2,1
4337,0,80,0,3,2,1,1
4338,0,3,0,13,2,0,2
4339,19,0,1,5,1,1,2
4340,0,64,0,4,3,1,0
4341,0,4,0,8,1,1,2
4342,63,0,1,2,2,2,0
4343,15,0,1,4,2,1,1
4344,0,80,0,5,2,1,1
4345,15,0,1,8,2,2,0
4346,37,0,1,3,1,3,0
4347,13,0,1,6,3,1,0
4348,0,38,0,4,2,1,1
4349,0,37,0,4,3,0,1
4350,21,0,1,12,1,2,1
4351,0,20,0,14,1,2,1
4352,0,22,0,10,2,1,1
4353,24,0,1,7,2,2,0
4354,0,62,0,7,1,1,2
4355,17,0,1,4,1,1,2
4356,2,0,1,6,2,0,2
4357,2,0,1,6,1,1,2
4358,8,0,1,8,1,1,2
4359,2,0,1,10,1,2,1
4360,62,0,1,2,1,2,1
4361,2,0,1,14,2,1,1
4362,0,80,0,2,1,2,1
4363,58,0,1,3,1,2,1
4364,16,0,1,4,2,2,0
4365,18,0,1,10,1,2,1
4366,4,0,1,6,1,2,1
4367,80,0,1,6,1,1,2
4368,7,0,1,13,2,1,1
4369,0,28,0,8,3,1,0
4370,9,0,1,4,2,1,1
4371,0,22,0,6,3,0,1
4372,0,2,0,12,3,1,0
4373,0,16,0,6,2,0,2
4374,24,0,1,7,1,1,2
4375,2,0,1,16,1,1,2
4376,2,0,1,9,3,1,0
4377,4,0,1,12,2,0,2
4378,0,72,0,0,2,0,2
4379,0,80,0,5,1,1,2
4380,56,0,1,4,2,1,1
4381,47,0,1,9,1,2,1
4382,0,67,0,11,2,1,1
4383,4,0,1,9,3,1,0
4384,3,0,1,11,1,1,2
4385,80,0,1,8,1,1,2
4386,5,0,1,4,1,2,1
4387,58,0,1,6,1,1,2
4388,12,0,1,3,1,2,1
4389,80,0,1,4,2,1,1
4390,3,0,1,9,3,1,0
4391,5,0,1,9,1,2,1
4392,2,0,1,8,2,1,1
4393,0,57,0,11,2,1,1
4394,80,0,1,8,2,1,1
4395,21,0,1,9,4,0,0
4396,80,0,1,8,1,3,0
4397,0,80,0,6,1,1,2
4398,45,0,1,9,1,1,2
4399,18,0,1,7,2,1,1
4400,11,0,1,12,2,1,1
4401,0,20,0,5,2,1,1
4402,80,0,1,1,2,0,2
4403,0,40,0,5,2,2,0
4404,0,15,0,13,1,1,2
4405,11,0,1,4,2,0,2
4406,0,80,0,8,1,1,2
4407,0,72,0,11,1,2,1
4408,0,80,0,3,1,2,1
4409,22,0,1,20,3,1,0
4410,2,0,1,11,3,1,0
4411,38,0,1,8,2,2,0
4412,59,0,1,3,1,2,1
4413,0,62,0,3,3,0,1
4414,31,0,1,8,2,1,1
4415,42,0,1,3,1,1,2
4416,28,0,1,6,1,2,1
4417,18,0,1,4,1,2,1
4418,0,66,0,13,1,2,1
4419,34,0,1,10,1,2,0
4420,2,0,1,19,1,1,2
4421,0,80,0,9,2,1,1
4422,55,0,1,8,1,1,2
4423,0,57,0,8,1,3,0
4424,50,0,1,5,2,2,0
4425,0,17,0,10,1,1,2
4426,55,0,1,6,3,0,1
4427,0,57,0,3,2,1,1
4428,11,0,1,3,2,1,1
4429,24,0,1,7,3,1,0
4430,0,8,0,14,1,2,1
4431,80,0,1,6,1,1,2
4432,0,79,0,5,2,2,0
4433,37,0,1,5,2,1,1
4434,0,47,0,10,3,0,1
4435,0,57,0,7,2,1,1
4436,25,0,1,3,1,2,1
4437,0,80,0,4,1,3,0
4438,0,23,0,6,1,2,1
4439,0,21,0,7,2,2,0
4440,0,79,0,12,2,2,0
4441,80,0,1,4,1,2,1
4442,0,23,0,12,2,1,1
4443,3,0,1,9,1,1,2
4444,62,0,1,20,1,2,1
4445,0,40,0,12,2,1,1
4446,0,71,0,3,1,1,2
4447,9,0,1,5,3,0,1
4448,0,9,0,8,3,1,0
4449,0,73,0,2,1,1,2
4450,23,0,1,6,1,1,2
4451,29,0,1,3,1,3,0
4452,46,0,1,4,1,1,2
4453,0,34,0,10,2,1,1
4454,0,80,0,8,3,0,1
4455,0,80,0,3,2,2,0
4456,64,0,1,4,1,2,1
4457,40,0,1,4,1,3,0
4458,12,0,1,6,2,1,1
4459,11,0,1,6,2,1,1
4460,2,0,1,8,2,1,1
4461,48,0,1,3,2,2,0
4462,2,0,1,12,1,1,2
4463,0,19,0,6,2,2,0
4464,0,80,0,12,1,1,2
4465,80,0,1,8,1,1,2
4466,0,45,0,11,1,2,1
4467,0,27,0,5,2,1,1
4468,24,0,1,6,1,2,1
4469,34,0,1,7,1,2,1
4470,12,0,1,8,2,2,0
4471,0,64,0,5,1,2,1
4472,24,0,1,4,2,1,1
4473,57,0,1,2,1,2,1
4474,0,38,0,1,3,1,0
4475,0,80,0,5,3,0,1
4476,0,3,0,7,1,1,2
4477,7,0,1,9,1,1,2
4478,8,0,1,14,2,1,1
4479,0,73,0,3,1,1,2
4480,0,24,0,7,2,0,2
4481,80,0,1,7,1,2,1
4482,18,0,1,2,2,1,1
4483,12,0,1,3,1,2,1
4484,15,0,1,5,1,1,2
4485,3,0,1,6,1,1,2
4486,29,0,1,6,2,1,1
4487,42,0,1,4,2,0,2
4488,0,45,0,13,1,2,1
4489,0,20,0,17,2,0,2
4490,0,69,0,2,1,3,0
4491,16,0,1,10,3,0,1
4492,5,0,1,2,1,1,2
4493,68,0,1,4,1,2,1
4494,0,20,0,12,1,2,1
4495,0,6,0,9,1,1,2
4496,47,0,1,6,2,2,0
4497,0,62,0,8,2,1,1
4498,10,0,1,4,2,1,1
4499,0,10,0,5,2,0,2
4500,0,21,0,5,1,1,2
4501,0,80,0,3,2,1,1
4502,0,80,0,9,2,0,2
4503,2,0,1,12,3,1,0
4504,2,0,1,20,3,0,1
4505,0,65,0,4,1,1,2
4506,0,57,0,10,2,1,1
4507,0,80,0,8,1,2,1
4508,0,76,0,21,1,2,1
4509,11,0,1,6,3,1,0
4510,11,0,1,7,2,0,2
4511,7,0,1,11,2,1,1
4512,0,30,0,3,2,1,1
4513,52,0,1,8,3,1,0
4514,11,0,1,5,2,1,1
4515,53,0,1,8,1,1,2
4516,0,11,0,15,1,1,1
4517,0,17,0,11,1,1,2
4518,0,3,0,7,2,1,1
4519,0,29,0,11,2,2,0
4520,0,39,0,6,1,1,2
4521,41,0,1,5,1,2,1
4522,0,13,0,8,1,1,2
4523,62,0,1,8,1,1,2
4524,0,80,0,2,2,0,2
4525,0,80,0,7,1,1,2
4526,33,0,1,6,1,1,2
4527,0,50,0,7,1,1,2
4528,0,77,0,7,2,1,1
4529,0,26,0,9,2,0,2
4530,3,0,1,15,2,1,1
4531,8,0,1,4,1,1,2
4532,2,0,1,10,2,1,1
4533,62,0,1,5,2,2,0
4534,0,17,0,5,1,2,1
4535,0,64,0,16,3,1,0
4536,5,0,1,9,1,1,2
4537,8,0,1,8,2,2,0
4538,15,0,1,8,2,2,0
4539,0,60,0,1,1,2,1
4540,80,0,1,3,1,2,1
4541,80,0,1,6,1,2,1
4542,43,0,1,3,3,1,0
4543,0,80,0,3,1,2,1
4544,51,0,1,7,2,2,0
4545,80,0,1,2,2,2,0
4546,51,0,1,6,2,2,0
4547,0,35,0,3,1,2,1
4548,3,0,1,15,1,1,2
4549,17,0,1,6,1,3,0
4550,0,78,0,11,2,0,2
4551,0,80,0,1,2,2,0
4552,0,6,0,5,2,1,1
4553,35,0,1,15,1,1,2
4554,0,55,0,3,2,0,2
4555,8,0,1,8,1,2,1
4556,0,80,0,8,3,1,0
4557,0,26,0,13,3,1,0
4558,0,80,0,2,2,1,1
4559,9,0,1,8,2,0,2
4560,0,50,0,11,2,1,0
4561,75,0,1,4,1,1,2
4562,8,0,1,10,1,2,1
4563,2,0,1,7,1,1,2
4564,0,7,0,3,3,0,1
4565,0,43,0,19,2,1,1
4566,56,0,1,4,1,2,1
4567,0,69,0,10,1,1,2
4568,0,37,0,6,2,0,2
4569,0,10,0,7,1,1,2
4570,4,0,1,4,1,2,1
4571,73,0,1,3,1,2,1
4572,80,0,1,4,2,2,0
4573,0,80,0,15,2,0,2
4574,0,80,0,5,2,1,1
4575,80,0,1,2,1,2,1
4576,0,71,0,13,1,2,1
4577,80,0,1,5,2,0,2
4578,0,7,0,9,1,1,2
4579,29,0,1,6,3,1,0
4580,0,68,0,12,2,1,1
4581,0,41,0,6,1,2,1
4582,67,0,1,2,2,2,0
4583,0,80,0,2,2,0,2
4584,0,62,0,5,3,1,0
4585,19,0,1,16,1,1,2
4586,80,0,1,7,1,1,2
4587,0,30,0,5,1,1,2
4588,0,49,0,6,1,2,1
4589,0,71,0,1,2,1,1
4590,2,0,1,10,1,1,2
4591,40,0,1,6,2,1,1
4592,73,0,1,4,1,1,2
4593,0,80,0,6,1,1,2
4594,23,0,1,5,1,2,1
4595,0,14,0,7,3,0,1
4596,17,0,1,4,2,2,0
4597,15,0,1,10,2,1,1
4598,9,0,1,5,1,1,2
4599,49,0,1,4,1,1,2
4600,0,9,0,10,2,1,1
4601,2,0,1,5,2,2,0
4602,22,0,1,5,1,1,2
4603,0,10,0,10,1,1,2
4604,0,28,0,6,1,1,2
4605,18,0,1,10,1,1,2
4606,0,45,0,7,1,2,1
4607,0,3,0,8,2,1,1
4608,0,80,0,6,1,1,2
4609,0,10,0,8,2,1,1
4610,80,0,1,3,2,1,1
4611,36,0,1,5,2,2,0
4612,80,0,1,2,2,1,1
4613,0,75,0,13,2,1,0
4614,47,0,1,5,1,1,2
4615,80,0,1,5,1,3,0
4616,39,0,1,11,1,1,2
4617,0,9,0,8,1,1,2
4618,80,0,1,8,1,1,2
4619,43,0,1,5,2,1,1
4620,26,0,1,5,1,2,1
4621,0,80,0,0,2,1,1
4622,0,16,0,12,1,2,1
4623,36,0,1,5,3,0,1
4624,0,80,0,12,1,1,2
4625,0,13,0,14,1,1,1
4626,50,0,1,7,2,1,1
4627,0,13,0,7,1,1,2
4628,0,72,0,10,2,0,2
4629,22,0,1,4,1,1,2
4630,0,80,0,1,1,1,2
4631,10,0,1,15,3,0,1
4632,0,80,0,9,1,1,2
4633,0,45,0,2,3,0,1
4634,0,33,0,7,1,1,2
4635,0,13,0,14,1,1,2
4636,54,0,1,5,2,2,0
4637,0,18,0,7,1,2,1
4638,30,0,1,4,1,1,2
4639,0,16,0,8,2,0,2
4640,21,0,1,6,1,1,2
4641,0,80,0,5,2,1,1
4642,0,19,0,3,1,2,1
4643,0,80,0,5,1,3,0
4644,80,0,1,3,1,1,2
4645,34,0,1,8,1,1,2
4646,3,0,1,10,2,1,1
4647,7,0,1,14,1,1,2
4648,12,0,1,7,3,1,0
4649,57,0,1,5,1,1,2
4650,0,5,0,6,1,1,2
4651,0,80,0,4,2,0,2
4652,80,0,1,6,1,1,2
4653,2,0,1,5,1,1,2
4654,7,0,1,5,1,1,2
4655,0,69,0,4,1,2,1
4656,43,0,1,10,2,0,2
4657,38,0,1,6,2,0,2
4658,11,0,1,10,1,2,1
4659,80,0,1,13,1,1,2
4660,0,80,0,4,2,0,2
4661,9,0,1,6,3,1,0
4662,71,0,1,2,1,2,1
4663,0,58,0,7,2,0,2
4664,16,0,1,8,1,1,2
4665,72,0,1,2,1,1,2
4666,0,6,0,11,2,2,0
4667,78,0,1,8,2,1,1
4668,0,10,0,5,1,1,2
4669,80,0,1,5,1,1,2
4670,0,80,0,7,2,2,0
4671,30,0,1,4,1,1,2
4672,12,0,1,8,2,2,0
4673,0,80,0,3,1,2,1
4674,0,33,0,3,1,1,2
4675,0,9,0,8,2,0,2
4676,4,0,1,11,3,0,1
4677,9,0,1,4,1,1,2
4678,33,0,1,4,2,2,0
4679,0,60,0,1,1,2,1
4680,0,80,0,5,1,2,1
4681,4,0,1,9,1,2,1
4682,49,0,1,3,2,1,1
4683,0,70,0,12,2,1,1
4684,0,3,0,4,2,1,1
4685,0,38,0,1,1,2,1
4686,23,0,1,7,2,2,0
4687,0,40,0,5,3,0,1
4688,4,0,1,8,1,1,2
4689,12,0,1,8,1,1,2
4690,0,2,0,16,2,0,2
4691,4,0,1,10,3,0,1
4692,12,0,1,5,2,1,1
4693,2,0,1,10,2,1,1
4694,32,0,1,5,2,2,0
4695,0,8,0,6,2,2,0
4696,13,0,1,5,1,2,1
4697,0,18,0,10,2,1,1
4698,0,30,0,6,1,1,2
4699,13,0,1,7,1,1,2
4700,58,0,1,10,2,1,1
4701,0,80,0,10,1,1,2
4702,52,0,1,11,4,0,0
4703,80,0,1,4,1,1,2
4704,0,2,0,14,1,1,2
4705,12,0,1,7,2,2,0
4706,0,32,0,2,2,0,2
4707,12,0,1,9,2,0,2
4708,68,0,1,7,1,2,1
4709,0,80,0,7,1,1,2
4710,0,62,0,12,1,2,1
4711,3,0,1,4,1,1,2
4712,0,9,0,8,1,1,2
4713,0,80,0,5,1,1,2
4714,45,0,1,6,2,0,2
4715,8,0,1,6,1,2,1
4716,80,0,1,2,2,0,2
4717,41,0,1,12,1,1,2
4718,0,3,0,10,1,1,2
4719,0,68,0,2,1,3,0
4720,0,62,0,2,2,1,1
4721,0,4,0,9,2,1,1
4722,0,24,0,8,1,2,0
4723,0,33,0,1,2,1,1
4724,0,80,0,5,2,0,2
4725,0,43,0,8,2,1,1
4726,0,36,0,6,3,1,0
4727,0,12,0,5,2,0,2
4728,18,0,1,3,1,2,1
4729,3,0,1,6,2,0,2
4730,50,0,1,5,2,0,2
4731,0,80,0,7,1,1,2
4732,2,0,1,11,1,1,2
4733,0,19,0,4,1,2,1
4734,0,33,0,7,1,1,2
4735,46,0,1,9,1,1,2
4736,0,29,0,8,1,1,2
4737,0,35,0,5,1,2,1
4738,2,0,1,8,1,1,1
4739,0,32,0,0,1,2,1
4740,0,39,0,9,2,1,1
4741,0,80,0,5,1,2,1
4742,0,26,0,3,1,2,1
4743,44,0,1,8,1,1,2
4744,0,53,0,0,1,2,1
4745,5,0,1,13,1,1,2
4746,73,0,1,3,1,2,1
4747,80,0,1,10,2,2,0
4748,0,80,0,5,3,1,0
4749,7,0,1,11,1,1,2
4750,80,0,1,7,2,1,0
4751,0,80,0,8,1,1,2
4752,0,80,0,6,1,2,1
4753,0,76,0,7,1,2,1
4754,13,0,1,7,2,2,0
4755,0,6,0,4,1,2,1
4756,0,3,0,6,3,0,1
4757,0,5,0,9,1,1,2
4758,80,0,1,8,1,3,0
4759,53,0,1,5,1,2,1
4760,0,67,0,9,1,2,1
4761,10,0,1,6,2,1,1
4762,8,0,1,7,1,2,1
4763,18,0,1,4,1,2,1
4764,80,0,1,8,1,2,1
4765,0,2,0,15,1,2,1
4766,28,0,1,5,2,0,2
4767,0,77,0,3,1,1,2
4768,0,68,0,13,1,1,2
4769,52,0,1,8,1,2,1
4770,0,6,0,9,1,1,2
4771,80,0,1,3,3,1,0
4772,56,0,1,4,2,0,2
4773,0,74,0,5,1,2,1
4774,15,0,1,2,2,1,1
4775,0,17,0,7,1,1,2
4776,74,0,1,11,3,1,0
4777,0,51,0,4,1,1,2
4778,0,13,0,9,2,1,1
4779,41,0,1,8,1,1,2
4780,0,80,0,4,1,1,2
4781,43,0,1,6,1,1,2
4782,0,23,0,1,2,1,1
4783,15,0,1,8,1,1,2
4784,2,0,1,9,2,1,1
4785,0,80,0,7,1,2,1
4786,0,80,0,4,3,0,1
4787,0,29,0,5,2,2,0
4788,80,0,1,3,2,1,1
4789,0,80,0,5,1,1,2
4790,0,12,0,10,2,0,2
4791,0,7,0,6,2,0,2
4792,0,9,0,10,2,0,2
4793,0,74,0,6,1,1,2
4794,0,42,0,3,1,1,2
4795,0,31,0,2,1,2,1
4796,11,0,1,9,1,2,1
4797,0,12,0,13,1,1,2
4798,0,41,0,8,3,0,1
4799,39,0,1,8,1,2,1
4800,31,0,1,3,1,1,2
4801,5,0,1,12,2,0,2
4802,0,19,0,5,3,0,1
4803,0,2,0,8,1,1,2
4804,10,0,1,5,2,1,1
4805,23,0,1,2,3,0,1
4806,2,0,1,7,1,1,2
4807,9,0,1,5,2,0,2
4808,0,38,0,7,2,1,1
4809,13,0,1,3,2,1,1
4810,0,28,0,2,1,1,2
4811,23,0,1,2,1,3,0
4812,61,0,1,3,2,2,0
4813,0,80,0,8,1,2,1
4814,8,0,1,6,2,1,1
4815,0,80,0,7,3,0,1
4816,0,50,0,8,3,1,0
4817,73,0,1,7,3,1,0
4818,0,38,0,3,2,0,2
4819,41,0,1,7,1,2,1
4820,0,17,0,2,1,2,1
4821,0,80,0,8,1,2,1
4822,0,67,0,7,3,0,1
4823,0,80,0,5,1,3,0
4824,30,0,1,6,1,1,2
4825,0,3,0,15,2,1,1
4826,67,0,1,5,2,0,2
4827,13,0,1,6,2,1,1
4828,58,0,1,5,1,2,1
4829,0,18,0,5,2,1,1
4830,4,0,1,11,3,1,0
4831,2,0,1,17,2,1,1
4832,0,63,0,5,3,0,1
4833,41,0,1,10,1,2,1
4834,11,0,1,3,3,1,0
4835,80,0,1,6,1,1,2
4836,0,39,0,2,2,1,1
4837,54,0,1,9,1,2,1
4838,0,18,0,5,2,0,2
4839,0,45,0,1,1,2,1
4840,4,0,1,7,2,0,2
4841,0,6,0,3,2,2,0
4842,0,12,0,2,1,1,2
4843,12,0,1,6,1,2,1
4844,0,42,0,6,3,1,0
4845,31,0,1,7,1,2,1
4846,36,0,1,7,2,1,1
4847,0,3,0,13,2,1,1
4848,0,77,0,9,1,1,2
4849,6,0,1,5,1,3,0
4850,0,80,0,8,1,1,2
4851,0,80,0,3,3,0,1
4852,0,7,0,5,1,1,2
4853,49,0,1,12,2,1,1
4854,64,0,1,4,1,1,2
4855,80,0,1,9,2,0,2
4856,8,0,1,12,1,1,2
4857,0,80,0,4,2,1,1
4858,0,6,0,9,1,1,2
4859,61,0,1,9,3,1,0
4860,36,0,1,2,1,1,2
4861,12,0,1,11,1,2,1
4862,24,0,1,4,1,3,0
4863,0,76,0,10,3,0,1
4864,53,0,1,3,1,1,2
4865,0,16,0,6,1,2,1
4866,18,0,1,7,1,1,2
4867,0,16,0,9,1,2,1
4868,6,0,1,14,2,1,1
4869,0,80,0,5,2,2,0
4870,0,80,0,2,1,2,1
4871,34,0,1,7,1,3,0
4872,27,0,1,2,3,0,1
4873,0,80,0,2,2,0,2
4874,75,0,1,1,2,1,1
4875,0,64,0,7,1,1,2
4876,80,0,1,6,1,2,1
4877,0,55,0,1,2,2,0
4878,80,0,1,4,2,1,1
4879,0,24,0,9,1,2,1
4880,0,12,0,14,1,3,0
4881,4,0,1,6,2,2,0
4882,0,47,0,15,4,0,0
4883,47,0,1,3,1,1,2
4884,0,24,0,9,1,2,1
4885,0,7,0,16,2,0,2
4886,0,60,0,7,2,1,1
4887,0,29,0,6,1,1,2
4888,0,76,0,9,1,2,1
4889,0,72,0,8,1,2,1
4890,0,80,0,2,1,1,2
4891,0,80,0,5,2,1,1
4892,16,0,1,6,2,2,0
4893,0,2,0,9,1,2,1
4894,3,0,1,16,1,2,1
4895,8,0,1,7,2,1,1
4896,0,19,0,12,2,1,1
4897,46,0,1,6,1,3,0
4898,34,0,1,8,1,2,1
4899,4,0,1,13,1,3,0
4900,0,60,0,11,3,0,1
4901,0,16,0,3,1,1,2
4902,0,49,0,5,1,2,1
4903,5,0,1,9,2,1,1
4904,0,80,0,2,3,1,0
4905,6,0,1,6,2,1,1
4906,0,80,0,4,1,1,2
4907,43,0,1,5,1,2,1
4908,24,0,1,5,1,1,2
4909,0,29,0,5,2,0,2
4910,0,15,0,15,2,2,0
4911,67,0,1,3,1,2,1
4912,23,0,1,3,2,1,1
4913,0,16,0,9,2,1,1
4914,17,0,1,6,2,0,2
4915,61,0,1,6,1,3,0
4916,2,0,1,12,1,1,2
4917,21,0,1,5,1,2,1
4918,3,0,1,11,2,1,1
4919,13,0,1,5,1,1,2
4920,0,29,0,8,1,2,1
4921,7,0,1,6,2,0,2
4922,50,0,1,6,2,2,0
4923,23,0,1,5,1,3,0
4924,18,0,1,13,3,1,0
4925,8,0,1,7,1,1,2
4926,80,0,1,3,1,2,1
4927,9,0,1,5,2,0,2
4928,22,0,1,7,1,1,2
4929,0,12,0,14,2,0,2
4930,0,68,0,5,2,2,0
4931,5,0,1,8,1,1,2
4932,26,0,1,7,2,2,0
4933,0,79,0,7,2,2,0
4934,65,0,1,3,1,2,1
4935,38,0,1,7,3,0,1
4936,23,0,1,6,1,1,2
4937,0,59,0,4,1,1,2
4938,80,0,1,5,1,2,1
4939,0,21,0,3,2,0,2
4940,2,0,1,6,2,2,0
4941,0,12,0,5,1,1,2
4942,42,0,1,9,1,2,1
4943,0,71,0,7,1,1,2
4944,0,66,0,11,1,1,2
4945,0,80,0,6,1,2,1
4946,19,0,1,9,1,1,2
4947,54,0,1,8,2,1,1
4948,2,0,1,18,1,2,1
4949,64,0,1,6,1,3,0
4950,0,80,0,2,1,1,2
4951,0,80,0,4,2,1,1
4952,0,80,0,5,3,1,0
4953,13,0,1,5,2,1,1
4954,9,0,1,9,1,2,1
4955,4,0,1,9,2,1,1
4956,0,80,0,4,1,1,2
4957,0,80,0,12,3,0,1
4958,80,0,1,8,3,1,0
4959,13,0,1,17,1,2,1
4960,0,80,0,2,3,1,0
4961,0,11,0,11,1,1,2
4962,0,23,0,0,2,1,1
4963,0,80,0,1,2,1,1
4964,24,0,1,5,1,2,1
4965,41,0,1,4,2,1,1
4966,80,0,1,3,1,1,2
4967,15,0,1,9,1,2,1
4968,0,80,0,9,1,2,1
4969,58,0,1,4,2,0,2
4970,39,0,1,9,1,1,2
4971,64,0,1,6,1,2,1
4972,6,0,1,4,2,1,1
4973,0,80,0,0,2,1,1
4974,0,5,0,6,2,0,2
4975,7,0,1,10,1,1,2
4976,0,80,0,3,2,2,0
4977,11,0,1,6,1,1,2
4978,68,0,1,5,2,1,1
4979,0,75,0,2,2,1,1
4980,0,80,0,5,1,1,2
4981,0,20,0,8,2,2,0
4982,0,19,0,7,1,1,2
4983,26,0,1,6,1,1,2
4984,80,0,1,9,1,1,2
4985,0,28,0,7,1,2,1
4986,2,0,1,5,1,2,1
4987,0,5,0,9,2,0,2
4988,16,0,1,4,1,3,0
4989,33,0,1,3,1,3,0
4990,0,64,0,1,1,1,2
4991,11,0,1,7,1,1,2
4992,7,0,1,14,2,1,1
4993,80,0,1,10,1,2,1
4994,3,0,1,5,1,3,0
4995,0,78,0,4,3,0,1
4996,0,80,0,3,1,1,2
4997,0,63,0,7,2,2,0
4998,36,0,1,5,1,1,2
4999,64,0,1,8,2,1,1
5000,0,37,0,3,1,3,0
5001,2,0,1,7,1,2,1
5002,0,29,0,3,1,2,1
5003,16,0,1,6,1,1,2
5004,0,8,0,10,1,1,2
5005,0,80,0,5,2,1,1
5006,40,0,1,8,2,1,1
5007,0,46,0,4,1,2,1
5008,8,0,1,8,2,0,2
5009,57,0,1,20,2,2,0
5010,0,80,0,5,2,1,1
5011,0,69,0,11,1,3,0
5012,38,0,1,2,3,0,1
5013,0,55,0,5,2,1,1
5014,0,11,0,5,1,1,2
5015,80,0,1,3,2,2,0
5016,30,0,1,8,1,1,2
5017,0,12,0,8,2,1,1
5018,0,48,0,7,1,1,2
5019,10,0,1,11,1,1,2
5020,0,80,0,8,2,2,0
5021,0,49,0,5,2,0,2
5022,2,0,1,14,2,1,1
5023,0,80,0,1,1,2,1
5024,0,80,0,6,1,1,2
5025,13,0,1,5,1,2,1
5026,0,21,0,6,3,0,0
5027,80,0,1,11,1,1,2
5028,0,19,0,3,1,1,2
5029,0,68,0,6,1,1,2
5030,0,6,0,4,1,1,2
5031,10,0,1,11,1,2,1
5032,20,0,1,7,2,0,2
5033,8,0,1,7,2,1,1
5034,7,0,1,7,2,1,1
5035,67,0,1,3,3,1,0
5036,58,0,1,7,1,1,2
5037,0,80,0,7,2,0,2
5038,0,80,0,1,1,1,2
5039,10,0,1,8,1,3,0
5040,19,0,1,6,2,1,1
5041,53,0,1,9,2,1,1
5042,7,0,1,12,1,1,2
5043,2,0,1,12,1,3,0
5044,0,15,0,8,1,2,1
5045,0,80,0,5,2,0,2
5046,0,17,0,11,1,2,1
5047,61,0,1,8,2,1,1
5048,80,0,1,4,1,2,1
5049,3,0,1,10,1,1,2
5050,0,75,0,3,1,2,1
5051,4,0,1,14,1,1,2
5052,0,80,0,8,2,1,1
5053,80,0,1,9,1,3,0
5054,0,10,0,8,1,2,1
5055,0,80,0,2,1,3,0
5056,80,0,1,4,2,0,2
5057,39,0,1,7,1,1,2
5058,0,24,0,3,2,2,0
5059,7,0,1,13,2,1,1
5060,0,35,0,4,1,2,1
5061,2,0,1,15,1,2,1
5062,0,44,0,8,1,2,1
5063,2,0,1,2,3,1,0
5064,8,0,1,7,2,1,1
5065,14,0,1,11,1,1,2
5066,80,0,1,4,2,0,2
5067,0,46,0,2,1,2,1
5068,7,0,1,9,1,1,2
5069,0,17,0,8,2,2,0
5070,0,46,0,7,2,1,1
5071,0,79,0,11,1,1,2
5072,5,0,1,12,2,1,1
5073,22,0,1,6,1,3,0
5074,0,24,0,7,1,2,0
5075,0,13,0,4,2,0,2
5076,80,0,1,2,1,2,1
5077,0,39,0,6,1,2,0
5078,0,10,0,8,1,2,1
5079,56,0,1,1,1,1,2
5080,6,0,1,18,2,0,2
5081,0,80,0,1,1,1,2
5082,10,0,1,9,1,1,2
5083,9,0,1,13,1,2,1
5084,63,0,1,4,2,1,1
5085,2,0,1,3,2,2,0
5086,0,64,0,16,1,1,2
5087,10,0,1,6,2,0,2
5088,7,0,1,6,1,2,1
5089,45,0,1,9,3,1,0
5090,80,0,1,5,1,1,2
5091,26,0,1,9,1,1,2
5092,0,50,0,1,1,2,1
5093,0,36,0,5,1,1,2
5094,56,0,1,3,1,2,1
5095,10,0,1,7,2,1,1
5096,9,0,1,11,1,1,2
5097,0,19,0,12,1,2,1
5098,0,69,0,8,2,0,2
5099,8,0,1,9,2,1,1
5100,0,19,0,2,2,1,1
5101,10,0,1,12,2,1,1
5102,80,0,1,5,1,1,2
5103,0,51,0,4,1,2,1
5104,40,0,1,4,2,1,1
5105,0,15,0,9,1,1,2
5106,40,0,1,15,1,1,2
5107,11,0,1,12,2,0,2
5108,0,69,0,5,1,1,2
5109,0,80,0,0,1,1,2
5110,0,3,0,11,1,1,2
5111,0,80,0,4,2,1,1
5112,64,0,1,4,1,1,2
5113,0,80,0,4,3,0,1
5114,0,71,0,5,2,2,0
5115,44,0,1,8,1,1,2
5116,0,35,0,8,2,2,0
5117,12,0,1,8,2,2,0
5118,80,0,1,5,1,1,2
5119,2,0,1,7,2,1,1
5120,44,0,1,12,2,2,0
5121,0,56,0,11,2,1,1
5122,0,72,0,8,2,0,2
5123,0,53,0,3,3,1,0
5124,0,15,0,8,2,0,2
5125,24,0,1,10,1,1,2
5126,48,0,1,5,3,1,0
5127,80,0,1,4,2,1,1
5128,0,15,0,9,1,2,1
5129,0,62,0,5,1,1,2
5130,0,33,0,10,1,1,2
5131,0,36,0,8,2,1,1
5132,0,16,0,7,1,1,2
5133,7,0,1,7,1,2,1
5134,9,0,1,2,1,3,0
5135,0,14,0,4,2,0,2
5136,13,0,1,6,1,2,1
5137,47,0,1,5,2,0,2
5138,0,3,0,16,3,1,0
5139,80,0,1,7,1,1,2
5140,0,5,0,12,1,1,2
5141,0,24,0,8,1,1,2
5142,0,76,0,5,3,1,0
5143,6,0,1,10,1,2,1
5144,60,0,1,8,2,1,1
5145,80,0,1,11,1,2,1
5146,80,0,1,6,1,2,1
5147,0,76,0,2,3,0,1
5148,11,0,1,12,1,2,1
5149,0,2,0,8,3,1,0
5150,5,0,1,8,1,2,1
5151,0,70,0,5,1,1,2
5152,0,9,0,7,1,1,2
5153,0,2,0,6,2,1,1
5154,38,0,1,16,3,0,1
5155,7,0,1,7,2,0,2
5156,77,0,1,13,1,2,1
5157,0,43,0,6,1,2,1
5158,4,0,1,4,2,1,1
5159,80,0,1,4,1,2,1
5160,0,41,0,5,1,1,2
5161,0,23,0,7,1,2,0
5162,0,80,0,6,3,1,0
5163,0,80,0,12,2,1,1
5164,54,0,1,2,1,2,1
5165,8,0,1,5,1,2,1
5166,0,42,0,8,1,1,2
5167,0,34,0,7,2,1,1
5168,56,0,1,9,2,0,2
5169,80,0,1,2,1,2,1
5170,34,0,1,15,2,1,1
5171,7,0,1,7,1,1,2
5172,2,0,1,14,2,0,2
5173,80,0,1,5,1,2,1
5174,0,67,0,11,1,1,2
5175,80,0,1,13,1,3,0
5176,0,4,0,8,2,1,1
5177,18,0,1,3,2,1,1
5178,0,29,0,9,2,0,2
5179,7,0,1,13,2,0,2
5180,7,0,1,12,2,1,1
5181,44,0,1,6,1,1,2
5182,0,52,0,14,1,1,2
5183,80,0,1,2,2,2,0
5184,0,75,0,11,2,1,1
5185,11,0,1,11,3,1,0
5186,0,80,0,13,2,0,2
5187,19,0,1,11,3,1,0
5188,0,2,0,14,2,1,1
5189,80,0,1,8,1,1,2
5190,0,8,0,10,1,3,0
5191,0,36,0,8,2,1,1
5192,2,0,1,6,2,0,2
5193,4,0,1,5,1,1,2
5194,67,0,1,7,1,2,1
5195,12,0,1,7,2,1,1
5196,80,0,1,4,2,0,2
5197,0,28,0,2,1,1,2
5198,80,0,1,3,1,2,1
5199,44,0,1,3,1,2,1
5200,5,0,1,3,2,1,1
5201,0,36,0,1,2,0,2
5202,9,0,1,6,1,1,2
5203,0,66,0,4,1,1,2
5204,0,70,0,9,1,1,1
5205,11,0,1,10,2,1,1
5206,0,3,0,9,2,1,1
5207,41,0,1,10,1,2,1
5208,2,0,1,11,1,1,2
5209,0,77,0,4,1,1,2
5210,0,27,0,6,1,2,1
5211,6,0,1,6,2,1,1
5212,21,0,1,9,1,1,2
5213,68,0,1,2,1,2,1
5214,52,0,1,6,2,2,0
5215,80,0,1,3,2,2,0
5216,4,0,1,4,2,1,0
5217,0,50,0,3,1,2,1
5218,0,19,0,11,2,1,0
5219,0,74,0,1,1,3,0
5220,2,0,1,14,1,2,1
5221,44,0,1,10,1,2,1
5222,3,0,1,9,1,2,1
5223,76,0,1,9,2,1,1
5224,4,0,1,17,2,0,2
5225,58,0,1,2,1,1,2
5226,0,53,0,18,1,1,2
5227,0,17,0,13,2,0,2
5228,0,37,0,7,1,1,2
5229,32,0,1,7,2,1,1
5230,0,54,0,4,1,1,2
5231,50,0,1,7,2,1,1
5232,0,32,0,6,1,1,2
5233,0,14,0,9,1,1,2
5234,5,0,1,9,2,0,2
5235,2,0,1,10,1,1,2
5236,23,0,1,13,1,1,2
5237,0,77,0,3,1,1,2
5238,28,0,1,11,1,1,2
5239,0,10,0,6,1,1,2
5240,18,0,1,6,3,0,1
5241,0,74,0,6,1,1,2
5242,60,0,1,3,2,0,2
5243,0,15,0,13,1,1,2
5244,80,0,1,9,1,1,2
5245,59,0,1,12,2,1,1
5246,2,0,1,7,1,2,1
5247,65,0,1,4,2,1,1
5248,46,0,1,3,2,2,0
5249,0,40,0,15,2,0,2
5250,0,80,0,14,2,1,1
5251,0,80,0,4,1,2,1
5252,4,0,1,8,1,1,2
5253,80,0,1,5,2,1,1
5254,0,55,0,11,3,0,0
5255,10,0,1,8,2,0,2
5256,0,78,0,3,2,2,0
5257,13,0,1,7,1,1,2
5258,0,80,0,2,3,1,0
5259,0,71,0,7,2,1,1
5260,2,0,1,8,2,1,1
5261,11,0,1,4,1,1,2
5262,0,61,0,3,2,1,1
5263,0,59,0,5,1,2,1
5264,0,3,0,6,1,1,2
5265,80,0,1,9,2,1,1
5266,33,0,1,20,1,3,0
5267,0,76,0,4,1,2,1
5268,4,0,1,13,4,0,0
5269,0,78,0,5,1,1,2
5270,0,77,0,9,1,2,1
5271,0,22,0,22,1,2,1
5272,3,0,1,7,2,1,1
5273,0,80,0,4,3,1,0
5274,0,80,0,7,2,1,1
5275,0,17,0,7,2,1,1
5276,6,0,1,8,1,2,1
5277,80,0,1,8,2,2,0
5278,65,0,1,5,2,1,1
5279,0,26,0,3,2,1,1
5280,9,0,1,7,3,1,0
5281,0,71,0,10,1,3,0
5282,44,0,1,3,1,2,1
5283,29,0,1,4,2,1,1
5284,78,0,1,5,1,2,1
5285,59,0,1,4,2,2,0
5286,10,0,1,9,2,0,2
5287,61,0,1,3,2,0,2
5288,30,0,1,7,1,2,1
5289,0,80,0,3,1,1,2
5290,0,68,0,2,2,1,1
5291,0,80,0,6,1,1,2
5292,0,80,0,4,1,1,2
5293,0,28,0,9,2,1,1
5294,80,0,1,1,1,2,1
5295,0,14,0,7,3,1,0
5296,8,0,1,5,1,3,0
5297,80,0,1,3,1,1,2
5298,0,80,0,9,1,2,1
5299,80,0,1,10,1,2,1
5300,4,0,1,7,1,2,1
5301,14,0,1,6,2,2,0
5302,0,72,0,3,2,2,0
5303,0,80,0,5,1,1,2
5304,0,9,0,9,3,0,1
5305,2,0,1,14,2,1,1
5306,0,36,0,7,2,1,1
5307,22,0,1,6,1,2,1
5308,0,38,0,4,1,2,1
5309,78,0,1,3,1,2,1
5310,0,80,0,8,1,1,2
5311,80,0,1,3,1,1,2
5312,72,0,1,7,1,1,2
5313,53,0,1,5,1,2,1
5314,0,45,0,6,1,1,2
5315,28,0,1,12,1,2,1
5316,28,0,1,5,1,2,1
5317,13,0,1,13,1,1,2
5318,0,63,0,3,1,1,2
5319,0,31,0,3,2,1,1
5320,68,0,1,5,1,2,1
5321,0,11,0,15,2,2,0
5322,18,0,1,8,2,2,0
5323,0,3,0,9,1,2,1
5324,0,61,0,6,2,2,0
5325,80,0,1,2,2,1,1
5326,0,66,0,2,1,1,2
5327,0,24,0,7,2,1,1
5328,0,13,0,8,1,2,1
5329,0,61,0,11,4,0,0
5330,0,12,0,8,2,0,2
5331,17,0,1,8,2,1,1
5332,57,0,1,6,2,1,1
5333,7,0,1,5,1,2,1
5334,24,0,1,6,1,1,2
5335,0,58,0,12,2,1,1
5336,0,30,0,4,2,1,1
5337,3,0,1,8,2,1,1
5338,15,0,1,3,2,0,2
5339,4,0,1,4,1,1,2
5340,80,0,1,7,1,2,1
5341,15,0,1,7,2,1,1
5342,64,0,1,5,2,1,1
5343,75,0,1,1,1,1,2
5344,0,4,0,8,1,3,0
5345,27,0,1,10,2,2,0
5346,74,0,1,4,1,3,0
5347,0,44,0,3,1,2,1
5348,0,15,0,13,2,1,0
5349,0,55,0,6,1,1,2
5350,19,0,1,10,1,2,1
5351,0,64,0,13,1,2,1
5352,0,27,0,6,1,1,2
5353,29,0,1,5,2,1,1
5354,0,20,0,7,1,2,1
5355,7,0,1,10,1,2,1
5356,9,0,1,8,2,1,1
5357,44,0,1,7,3,0,1
5358,62,0,1,3,2,0,2
5359,30,0,1,8,1,2,1
5360,80,0,1,3,1,1,2
5361,0,74,0,2,1,2,1
5362,39,0,1,6,2,1,1
5363,39,0,1,6,1,2,1
5364,8,0,1,9,3,0,1
5365,70,0,1,2,2,1,1
5366,4,0,1,4,1,1,2
5367,31,0,1,8,3,1,0
5368,0,72,0,6,1,2,1
5369,0,2,0,8,1,3,0
5370,0,79,0,11,1,1,2
5371,0,17,0,6,2,2,0
5372,0,76,0,4,2,0,2
5373,9,0,1,10,1,2,1
5374,0,35,0,2,2,2,0
5375,41,0,1,16,1,1,2
5376,0,21,0,7,2,1,1
5377,2,0,1,7,3,0,1
5378,0,71,0,8,2,0,2
5379,8,0,1,10,1,2,1
5380,8,0,1,9,2,0,2
5381,43,0,1,3,3,0,1
5382,36,0,1,5,3,0,1
5383,0,80,0,6,2,1,1
5384,0,6,0,9,2,1,1
5385,0,45,0,6,2,1,1
5386,20,0,1,5,3,1,0
5387,80,0,1,5,1,2,1
5388,63,0,1,6,2,2,0
5389,43,0,1,13,2,2,0
5390,0,9,0,12,2,1,1
5391,0,18,0,12,1,1,2
5392,80,0,1,2,1,1,2
5393,0,80,0,4,2,1,1
5394,0,15,0,9,1,2,1
5395,55,0,1,9,2,2,0
5396,11,0,1,13,1,2,1
5397,2,0,1,6,1,1,2
5398,0,37,0,5,1,1,2
5399,0,2,0,6,1,1,2
5400,0,20,0,6,1,2,1
5401,0,14,0,9,1,2,1
5402,15,0,1,5,1,2,1
5403,0,27,0,8,1,2,1
5404,0,80,0,8,1,1,2
5405,0,7,0,14,1,2,1
5406,0,68,0,2,3,0,1
5407,3,0,1,15,1,2,1
5408,0,10,0,4,2,2,0
5409,51,0,1,10,1,1,2
5410,0,19,0,4,1,2,1
5411,0,3,0,13,3,0,1
5412,0,35,0,6,1,2,1
5413,0,2,0,4,1,2,1
5414,56,0,1,6,1,2,1
5415,0,11,0,14,1,1,2
5416,16,0,1,7,2,0,2
5417,14,0,1,7,2,1,1
5418,80,0,1,8,1,3,0
5419,0,15,0,7,2,1,1
5420,3,0,1,10,1,2,1
5421,0,18,0,4,1,2,1
5422,80,0,1,5,1,3,0
5423,0,41,0,19,1,1,2
5424,0,80,0,2,2,1,1
5425,0,19,0,7,2,1,1
5426,7,0,1,8,1,3,0
5427,55,0,1,7,2,1,1
5428,0,29,0,6,1,2,1
5429,7,0,1,7,2,2,0
5430,0,22,0,7,2,1,1
5431,0,80,0,8,2,1,1
5432,2,0,1,6,3,0,1
5433,0,63,0,12,1,2,1
5434,11,0,1,9,1,1,2
5435,0,58,0,2,1,2,1
5436,80,0,1,5,2,2,0
5437,80,0,1,13,1,1,2
5438,31,0,1,4,1,1,2
5439,0,77,0,11,2,0,2
5440,11,0,1,8,1,2,1
5441,70,0,1,2,2,2,0
5442,0,18,0,6,1,3,0
5443,59,0,1,7,2,0,2
5444,66,0,1,4,1,1,2
5445,0,77,0,11,1,2,1
5446,0,40,0,14,2,1,1
5447,0,7,0,14,1,1,2
5448,0,53,0,3,1,3,0
5449,0,22,0,4,1,2,1
5450,0,80,0,5,1,1,2
5451,0,26,0,5,2,1,1
5452,0,80,0,8,3,0,1
5453,0,80,0,1,1,1,2
5454,0,25,0,8,2,1,1
5455,0,74,0,6,1,1,2
5456,0,55,0,9,2,2,0
5457,80,0,1,5,3,1,0
5458,0,62,0,2,1,2,1
5459,0,67,0,5,1,2,1
5460,71,0,1,4,2,2,0
5461,0,18,0,3,2,0,2
5462,0,80,0,3,4,0,0
5463,0,74,0,6,1,2,1
5464,0,80,0,12,2,1,0
5465,50,0,1,14,2,0,2
5466,0,80,0,6,1,1,2
5467,0,2,0,19,1,1,2
5468,6,0,1,4,3,1,0
5469,12,0,1,10,1,1,2
5470,0,41,0,9,3,1,0
5471,34,0,1,9,2,0,2
5472,16,0,1,6,1,2,1
5473,71,0,1,8,2,1,1
5474,0,80,0,5,1,1,2
5475,58,0,1,3,1,2,1
5476,0,59,0,8,1,1,2
5477,0,75,0,7,2,0,2
5478,44,0,1,13,1,1,2
5479,2,0,1,7,1,3,0
5480,9,0,1,4,1,2,1
5481,0,80,0,8,1,2,1
5482,0,3,0,11,2,2,0
5483,0,80,0,13,2,1,1
5484,80,0,1,7,1,2,1
5485,0,35,0,5,2,1,1
5486,27,0,1,9,1,3,0
5487,27,0,1,9,1,1,2
5488,0,10,0,2,1,1,2
5489,2,0,1,3,1,2,1
5490,2,0,1,10,1,1,2
5491,9,0,1,10,1,2,1
5492,0,20,0,10,2,1,1
5493,4,0,1,16,1,2,1
5494,0,40,0,6,2,0,2
5495,37,0,1,5,2,2,0
5496,52,0,1,6,2,2,0
5497,0,3,0,9,3,0,1
5498,5,0,1,9,2,1,1
5499,0,80,0,7,1,2,1
5500,53,0,1,3,2,2,0
5501,0,40,0,3,1,1,2
5502,3,0,1,8,1,2,1
5503,80,0,1,5,2,2,0
5504,12,0,1,7,1,3,0
5505,0,2,0,7,2,0,2
5506,0,25,0,3,2,1,1
5507,2,0,1,5,1,1,2
5508,11,0,1,7,2,2,0
5509,0,28,0,5,1,1,2
5510,80,0,1,3,2,0,2
5511,20,0,1,5,2,2,0
5512,80,0,1,3,2,2,0
5513,62,0,1,4,3,0,1
5514,6,0,1,7,1,2,1
5515,0,67,0,7,1,2,1
5516,0,30,0,11,1,2,1
5517,10,0,1,9,2,1,1
5518,0,80,0,5,1,1,2
5519,33,0,1,5,1,2,1
5520,80,0,1,1,1,2,1
5521,13,0,1,7,2,2,0
5522,0,80,0,6,3,0,1
5523,11,0,1,13,3,0,1
5524,2,0,1,7,1,2,1
5525,0,65,0,6,2,1,1
5526,80,0,1,6,2,1,1
5527,0,80,0,5,1,1,2
5528,18,0,1,4,2,1,1
5529,0,80,0,3,2,1,1
5530,0,28,0,6,2,1,1
5531,0,15,0,12,1,1,2
5532,6,0,1,10,2,1,1
5533,0,79,0,7,1,2,1
5534,43,0,1,6,2,2,0
5535,73,0,1,4,2,1,1
5536,0,14,0,12,3,0,1
5537,8,0,1,7,2,1,1
5538,0,70,0,5,1,2,1
5539,45,0,1,8,3,1,0
5540,22,0,1,7,1,1,2
5541,15,0,1,5,1,2,1
5542,21,0,1,5,1,1,2
5543,20,0,1,10,1,1,2
5544,7,0,1,5,3,1,0
5545,18,0,1,7,1,2,1
5546,28,0,1,11,1,1,2
5547,18,0,1,10,2,2,0
5548,0,43,0,17,1,2,1
5549,15,0,1,3,2,1,1
5550,0,75,0,12,2,2,0
5551,16,0,1,5,1,1,2
5552,0,5,0,8,3,0,1
5553,0,12,0,14,2,0,2
5554,15,0,1,14,1,2,1
5555,4,0,1,8,1,1,2
5556,5,0,1,7,1,1,2
5557,0,19,0,5,2,1,1
5558,80,0,1,1,3,1,0
5559,2,0,1,3,2,0,2
5560,45,0,1,5,1,3,0
5561,2,0,1,9,2,0,2
5562,24,0,1,11,1,1,2
5563,2,0,1,5,1,1,2
5564,4,0,1,4,2,0,2
5565,0,78,0,2,2,1,1
5566,0,20,0,10,2,0,2
5567,0,30,0,8,2,0,2
5568,3,0,1,8,1,1,2
5569,0,4,0,9,2,0,2
5570,80,0,1,4,3,0,1
5571,14,0,1,8,2,1,1
5572,59,0,1,2,1,1,2
5573,3,0,1,8,1,2,1
5574,0,3,0,4,2,1,1
5575,0,18,0,6,1,1,2
5576,0,77,0,0,1,2,1
5577,15,0,1,4,1,1,2
5578,80,0,1,10,2,2,0
5579,42,0,1,10,2,1,1
5580,0,3,0,10,2,1,1
5581,2,0,1,10,1,1,2
5582,0,9,0,17,2,1,1
5583,6,0,1,10,3,1,0
5584,0,43,0,8,2,2,0
5585,0,17,0,9,2,0,2
5586,0,79,0,3,1,3,0
5587,25,0,1,5,2,1,1
5588,27,0,1,5,2,1,1
5589,0,72,0,11,2,1,1
5590,31,0,1,18,2,1,1
5591,0,80,0,3,1,3,0
5592,69,0,1,2,2,1,1
5593,0,16,0,4,2,1,1
5594,31,0,1,5,1,2,1
5595,77,0,1,4,1,2,1
5596,0,62,0,8,2,1,1
5597,0,21,0,11,3,1,0
5598,0,42,0,11,1,1,2
5599,0,7,0,11,1,1,2
5600,0,12,0,3,2,1,1
5601,65,0,1,3,1,1,2
5602,35,0,1,12,1,1,2
5603,0,16,0,11,3,1,0
5604,34,0,1,18,2,0,2
5605,80,0,1,6,1,2,1
5606,4,0,1,17,1,1,2
5607,0,72,0,3,2,2,0
5608,0,63,0,5,2,0,2
5609,0,73,0,3,2,0,2
5610,0,19,0,7,2,1,1
5611,10,0,1,4,2,0,2
5612,70,0,1,5,1,2,1
5613,80,0,1,4,2,2,0
5614,0,77,0,5,2,1,1
5615,11,0,1,17,1,1,2
5616,0,80,0,5,1,1,2
5617,16,0,1,7,1,1,2
5618,6,0,1,12,1,1,2
5619,7,0,1,6,2,0,2
5620,0,80,0,4,2,0,2
5621,53,0,1,6,2,1,1
5622,0,2,0,15,1,1,2
5623,0,51,0,5,1,1,2
5624,0,13,0,14,1,1,2
5625,0,32,0,4,1,1,2
5626,39,0,1,6,2,2,0
5627,32,0,1,4,1,1,2
5628,64,0,1,4,1,1,2
5629,14,0,1,7,1,2,1
5630,0,80,0,12,2,1,1
5631,0,15,0,9,1,1,2
5632,0,80,0,6,1,1,2
5633,0,10,0,5,1,1,2
5634,0,80,0,5,1,2,1
5635,0,80,0,11,1,1,2
5636,8,0,1,10,2,1,1
5637,5,0,1,6,2,0,2
5638,2,0,1,13,2,0,2
5639,80,0,1,5,3,0,1
5640,0,80,0,4,1,2,1
5641,2,0,1,14,1,1,2
5642,0,80,0,3,1,1,2
5643,0,29,0,9,2,1,1
5644,0,19,0,10,2,0,2
5645,15,0,1,11,2,1,1
5646,46,0,1,6,2,1,1
5647,0,52,0,9,2,1,1
5648,8,0,1,7,1,3,0
5649,45,0,1,13,3,1,0
5650,0,9,0,22,1,1,2
5651,80,0,1,7,1,1,2
5652,17,0,1,13,2,0,2
5653,0,80,0,10,1,2,1
5654,0,48,0,2,2,1,1
5655,50,0,1,16,3,0,1
5656,0,21,0,6,3,0,1
5657,56,0,1,7,1,1,1
5658,16,0,1,3,1,2,1
5659,0,80,0,4,1,2,1
5660,0,27,0,8,2,1,1
5661,38,0,1,5,1,3,0
5662,64,0,1,3,1,1,2
5663,0,45,0,10,2,1,1
5664,0,80,0,5,1,2,1
5665,2,0,1,3,1,1,2
5666,11,0,1,16,1,1,2
5667,34,0,1,6,3,0,1
5668,57,0,1,9,1,2,1
5669,10,0,1,9,2,1,1
5670,13,0,1,4,2,1,1
5671,5,0,1,4,2,2,0
5672,0,13,0,13,1,1,1
5673,0,11,0,10,3,0,1
5674,0,8,0,6,1,2,1
5675,0,8,0,6,2,1,1
5676,7,0,1,11,1,3,0
5677,0,80,0,5,3,1,0
5678,11,0,1,5,2,1,1
5679,0,15,0,10,1,2,1
5680,0,50,0,5,1,2,1
5681,47,0,1,4,1,2,1
5682,44,0,1,5,2,2,0
5683,0,12,0,8,1,1,2
5684,2,0,1,5,1,1,2
5685,42,0,1,6,2,1,1
5686,29,0,1,5,1,2,1
5687,80,0,1,2,1,2,0
5688,0,54,0,11,3,1,0
5689,0,23,0,1,1,2,1
5690,0,2,0,12,1,1,2
5691,0,80,0,2,1,3,0
5692,80,0,1,4,1,2,1
5693,0,6,0,7,3,0,1
5694,2,0,1,8,1,1,2
5695,0,5,0,8,1,2,1
5696,0,72,0,7,3,0,1
5697,3,0,1,8,1,2,1
5698,0,40,0,6,1,1,2
5699,5,0,1,5,2,2,0
5700,69,0,1,7,1,1,2
5701,2,0,1,10,1,1,2
5702,0,80,0,8,2,0,2
5703,0,60,0,8,1,1,2
5704,5,0,1,8,2,1,1
5705,2,0,1,9,2,2,0
5706,0,44,0,4,2,2,0
5707,64,0,1,3,1,2,1
5708,11,0,1,9,2,1,1
5709,0,6,0,19,3,0,1
5710,0,16,0,9,1,1,2
5711,16,0,1,8,2,1,1
5712,0,80,0,4,1,2,1
5713,0,80,0,8,1,2,1
5714,0,65,0,13,2,1,1
5715,3,0,1,9,1,1,2
5716,0,10,0,12,1,1,2
5717,0,22,0,12,1,1,2
5718,80,0,1,2,1,1,2
5719,0,33,0,6,1,2,1
5720,51,0,1,9,2,1,1
5721,80,0,1,2,2,1,1
5722,43,0,1,3,1,2,1
5723,53,0,1,4,1,2,1
5724,0,6,0,4,1,2,1
5725,0,31,0,4,1,1,2
5726,53,0,1,11,2,2,0
5727,27,0,1,10,1,3,0
5728,0,63,0,3,1,3,0
5729,58,0,1,10,1,1,2
5730,0,44,0,7,1,1,2
5731,29,0,1,13,1,2,1
5732,0,45,0,13,1,1,2
5733,6,0,1,8,1,2,1
5734,80,0,1,9,1,3,0
5735,0,27,0,9,1,2,1
5736,2,0,1,10,2,1,1
5737,0,33,0,4,1,2,1
5738,2,0,1,10,2,0,2
5739,44,0,1,15,1,1,2
5740,0,80,0,6,2,1,1
5741,0,80,0,5,1,1,2
5742,0,76,0,10,1,2,1
5743,80,0,1,7,1,1,2
5744,16,0,1,4,1,2,1
5745,80,0,1,4,1,1,2
5746,5,0,1,9,1,2,1
5747,4,0,1,7,1,2,1
5748,12,0,1,7,1,2,1
5749,26,0,1,8,4,0,0
5750,0,50,0,5,1,1,2
5751,21,0,1,4,1,1,2
5752,0,30,0,6,1,1,2
5753,2,0,1,8,2,1,1
5754,46,0,1,3,1,2,1
5755,0,80,0,5,2,0,2
5756,21,0,1,9,3,0,1
5757,24,0,1,11,2,0,2
5758,0,64,0,3,1,3,0
5759,80,0,1,11,1,1,2
5760,4,0,1,5,1,3,0
5761,64,0,1,3,1,1,2
5762,0,80,0,4,1,2,1
5763,0,16,0,6,1,3,0
5764,21,0,1,4,1,2,1
5765,42,0,1,6,3,0,1
5766,0,16,0,9,1,1,2
5767,4,0,1,10,2,1,1
5768,0,56,0,3,3,0,1
5769,0,67,0,9,2,0,2
5770,10,0,1,10,2,2,0
5771,0,19,0,6,2,0,2
5772,0,58,0,7,1,2,1
5773,80,0,1,8,2,0,2
5774,80,0,1,4,1,2,1
5775,5,0,1,5,2,1,1
5776,7,0,1,7,1,2,1
5777,0,18,0,8,2,0,2
5778,0,6,0,11,2,1,1
5779,43,0,1,7,2,1,1
5780,0,78,0,6,1,2,1
5781,0,37,0,7,2,0,2
5782,0,2,0,15,1,1,2
5783,0,19,0,10,3,1,0
5784,14,0,1,5,2,1,1
5785,0,2,0,5,2,0,2
5786,11,0,1,11,1,2,0
5787,10,0,1,9,1,1,2
5788,57,0,1,7,3,0,1
5789,30,0,1,9,1,2,0
5790,14,0,1,13,2,0,2
5791,8,0,1,7,1,1,2
5792,12,0,1,4,1,2,1
5793,0,51,0,3,1,2,1
5794,15,0,1,5,2,1,1
5795,0,12,0,8,1,1,2
5796,76,0,1,5,1,1,2
5797,4,0,1,9,2,1,1
5798,31,0,1,11,2,0,2
5799,0,15,0,3,1,1,2
5800,0,14,0,5,1,1,2
5801,4,0,1,9,1,1,2
5802,2,0,1,9,2,1,1
5803,0,80,0,16,3,1,0
5804,80,0,1,9,1,3,0
5805,80,0,1,2,1,2,1
5806,2,0,1,3,1,1,2
5807,10,0,1,13,3,1,0
5808,71,0,1,7,1,2,1
5809,23,0,1,6,1,2,1
5810,0,77,0,12,2,1,1
5811,0,17,0,5,1,1,2
5812,3,0,1,4,2,2,0
5813,4,0,1,9,1,1,2
5814,73,0,1,4,3,1,0
5815,0,66,0,4,1,1,2
5816,0,69,0,8,1,2,1
5817,6,0,1,10,1,1,2
5818,0,36,0,0,1,2,1
5819,0,50,0,7,3,0,1
5820,16,0,1,8,2,1,1
5821,0,80,0,3,1,1,2
5822,27,0,1,6,1,1,2
5823,0,80,0,6,1,2,1
5824,0,41,0,2,2,0,2
5825,42,0,1,12,1,2,1
5826,7,0,1,7,3,0,1
5827,80,0,1,3,2,2,0
5828,3,0,1,10,1,1,2
5829,0,12,0,7,2,0,2
5830,0,25,0,4,2,2,0
5831,0,80,0,4,1,2,1
5832,0,78,0,3,2,1,1
5833,52,0,1,4,1,1,2
5834,30,0,1,15,1,1,2
5835,0,38,0,17,3,0,1
5836,0,59,0,10,1,1,1
5837,38,0,1,9,1,3,0
5838,51,0,1,9,1,2,1
5839,36,0,1,3,2,1,1
5840,0,15,0,5,1,1,2
5841,24,0,1,8,3,1,0
5842,17,0,1,9,2,2,0
5843,0,27,0,4,2,1,1
5844,59,0,1,7,1,2,1
5845,0,28,0,14,2,1,1
5846,0,80,0,4,1,1,2
5847,42,0,1,4,1,1,2
5848,0,38,0,6,2,2,0
5849,0,80,0,13,2,0,2
5850,0,27,0,6,2,2,0
5851,16,0,1,6,2,1,1
5852,32,0,1,8,2,0,2
5853,0,80,0,9,1,1,2
5854,15,0,1,5,2,1,1
5855,0,10,0,7,2,0,2
5856,17,0,1,4,2,0,2
5857,0,19,0,10,2,0,2
5858,9,0,1,12,1,1,2
5859,0,21,0,4,1,2,1
5860,12,0,1,5,2,2,0
5861,2,0,1,7,2,1,1
5862,0,80,0,9,1,1,2
5863,80,0,1,6,2,1,1
5864,8,0,1,14,1,2,1
5865,0,9,0,4,2,1,1
5866,0,35,0,3,1,2,1
5867,63,0,1,3,1,2,1
5868,58,0,1,4,1,1,2
5869,0,73,0,4,2,2,0
5870,0,68,0,7,1,1,2
5871,0,10,0,5,2,0,2
5872,10,0,1,8,1,1,2
5873,0,6,0,7,1,1,2
5874,8,0,1,9,2,0,2
5875,4,0,1,11,1,1,2
5876,0,29,0,8,1,1,2
5877,80,0,1,7,2,0,2
5878,0,80,0,5,2,0,2
5879,13,0,1,3,2,1,1
5880,61,0,1,4,1,1,2
5881,2,0,1,7,2,1,1
5882,2,0,1,7,2,0,2
5883,0,9,0,13,2,1,1
5884,54,0,1,7,2,1,1
5885,0,2,0,8,1,1,2
5886,40,0,1,3,2,1,1
5887,10,0,1,9,2,1,1
5888,0,33,0,3,1,1,2
5889,16,0,1,10,2,1,1
5890,14,0,1,6,1,1,2
5891,51,0,1,4,1,1,2
5892,0,73,0,8,1,1,2
5893,2,0,1,9,1,1,2
5894,0,3,0,9,2,1,1
5895,0,14,0,4,1,1,2
5896,42,0,1,10,1,2,1
5897,26,0,1,17,3,0,1
5898,0,14,0,4,1,1,2
5899,13,0,1,6,1,1,2
5900,14,0,1,9,1,1,2
5901,27,0,1,6,3,0,1
5902,0,80,0,12,1,1,2
5903,0,18,0,5,1,2,1
5904,0,6,0,9,1,1,2
5905,0,21,0,12,2,1,1
5906,0,70,0,5,2,0,2
5907,0,30,0,4,2,1,1
5908,0,27,0,8,1,1,2
5909,9,0,1,5,1,1,2
5910,14,0,1,17,1,2,1
5911,33,0,1,8,2,2,0
5912,10,0,1,11,1,2,1
5913,15,0,1,9,1,3,0
5914,0,27,0,3,2,1,1
5915,0,80,0,2,2,2,0
5916,11,0,1,9,2,1,1
5917,0,80,0,3,1,1,2
5918,2,0,1,10,1,2,1
5919,0,80,0,5,2,1,1
5920,2,0,1,6,3,0,1
5921,0,10,0,1,1,2,1
5922,4,0,1,6,1,1,2
5923,2,0,1,8,4,0,0
5924,0,80,0,8,2,1,0
5925,8,0,1,6,1,2,1
5926,0,80,0,1,1,1,2
5927,0,80,0,5,1,1,2
5928,0,64,0,7,1,2,1
5929,80,0,1,3,1,1,2
5930,0,80,0,5,2,1,0
5931,0,60,0,9,2,1,1
5932,2,0,1,5,2,1,1
5933,29,0,1,5,3,1,0
5934,0,4,0,6,2,2,0
5935,2,0,1,11,1,2,1
5936,0,4,0,6,1,2,1
5937,0,65,0,5,1,1,2
5938,6,0,1,9,1,1,2
5939,0,10,0,14,3,1,0
5940,0,70,0,3,1,3,0
5941,0,14,0,12,2,2,0
5942,76,0,1,1,1,2,1
5943,0,66,0,8,1,2,1
5944,74,0,1,3,2,1,1
5945,0,13,0,12,2,2,0
5946,4,0,1,4,2,2,0
5947,0,45,0,3,2,2,0
5948,0,2,0,14,1,1,1
5949,0,36,0,1,1,2,1
5950,0,29,0,3,2,1,1
5951,80,0,1,6,1,1,2
5952,0,26,0,11,1,2,1
5953,0,41,0,5,1,2,1
5954,4,0,1,10,1,1,2
5955,80,0,1,1,1,3,0
5956,58,0,1,5,1,1,2
5957,80,0,1,6,1,1,2
5958,0,52,0,6,2,1,1
5959,0,66,0,3,1,1,2
5960,67,0,1,8,1,1,2
5961,0,54,0,0,1,1,2
5962,0,14,0,5,2,0,2
5963,0,57,0,8,1,2,1
5964,66,0,1,3,1,1,2
5965,34,0,1,2,2,1,1
5966,0,80,0,4,1,1,2
5967,0,67,0,16,3,0,1
5968,53,0,1,7,2,0,2
5969,70,0,1,3,2,1,1
5970,2,0,1,12,2,1,1
5971,6,0,1,13,2,0,2
5972,27,0,1,8,2,0,2
5973,0,14,0,3,2,1,1
5974,0,54,0,15,2,1,1
5975,0,73,0,5,2,2,0
5976,3,0,1,8,1,2,1
5977,0,80,0,4,2,1,1
5978,7,0,1,5,1,3,0
5979,0,15,0,10,1,2,1
5980,46,0,1,7,1,1,2
5981,48,0,1,7,1,1,2
5982,32,0,1,6,1,2,1
5983,0,80,0,8,1,1,2
5984,32,0,1,6,2,1,1
5985,7,0,1,6,1,1,2
5986,0,9,0,8,2,2,0
5987,80,0,1,5,3,0,1
5988,0,80,0,2,2,0,2
5989,3,0,1,6,2,0,2
5990,0,4,0,11,2,1,1
5991,18,0,1,5,1,2,1
5992,4,0,1,8,1,1,2
5993,17,0,1,5,2,2,0
5994,0,7,0,12,1,2,1
5995,16,0,1,4,2,1,1
5996,43,0,1,6,2,2,0
5997,19,0,1,15,2,1,1
5998,51,0,1,8,2,1,1
5999,0,80,0,2,2,1,1
6000,0,30,0,7,1,2,1
6001,10,0,1,11,2,1,1
6002,80,0,1,8,1,1,2
6003,10,0,1,10,1,2,1
6004,0,80,0,7,3,0,1
6005,80,0,1,6,1,3,0
6006,0,17,0,6,1,2,1
6007,24,0,1,13,2,0,2
6008,20,0,1,5,1,1,2
6009,0,2,0,6,2,1,1
6010,0,80,0,4,1,2,1
6011,0,16,0,9,1,1,2
6012,0,80,0,11,3,0,1
6013,63,0,1,2,1,2,1
6014,0,14,0,8,1,1,2
6015,32,0,1,18,2,1,1
6016,0,80,0,5,2,1,1
6017,0,33,0,3,3,1,0
6018,26,0,1,6,2,0,2
6019,11,0,1,6,1,1,2
6020,0,17,0,8,2,0,2
6021,2,0,1,6,2,1,1
6022,4,0,1,9,2,1,1
6023,37,0,1,5,1,2,0
6024,80,0,1,4,1,2,1
6025,0,2,0,10,1,1,2
6026,0,15,0,8,1,1,2
6027,61,0,1,4,1,1,2
6028,2,0,1,4,2,2,0
6029,0,22,0,5,4,0,0
6030,2,0,1,8,1,1,2
6031,0,6,0,18,2,1,1
6032,0,5,0,8,2,1,1
6033,2,0,1,8,3,0,1
6034,0,80,0,3,3,0,1
6035,2,0,1,10,2,0,2
6036,47,0,1,5,1,1,2
6037,29,0,1,22,3,1,0
6038,66,0,1,5,1,1,2
6039,80,0,1,2,1,2,1
6040,21,0,1,6,1,1,1
6041,0,69,0,4,2,1,1
6042,71,0,1,6,1,3,0
6043,3,0,1,8,1,2,1
6044,57,0,1,6,1,2,1
6045,0,80,0,17,1,1,2
6046,0,16,0,8,2,1,1
6047,0,56,0,9,3,0,1
6048,48,0,1,6,1,2,1
6049,0,80,0,4,1,2,1
6050,80,0,1,9,1,1,2
6051,0,31,0,10,2,1,1
6052,0,80,0,6,3,1,0
6053,0,7,0,15,1,3,0
6054,0,49,0,12,1,1,2
6055,17,0,1,4,2,2,0
6056,72,0,1,1,1,3,0
6057,0,22,0,5,1,1,2
6058,40,0,1,3,1,2,1
6059,0,46,0,4,2,1,1
6060,2,0,1,14,2,1,1
6061,21,0,1,10,1,2,1
6062,37,0,1,9,2,1,1
6063,55,0,1,5,1,1,2
6064,0,6,0,10,2,1,1
6065,4,0,1,11,1,1,2
6066,0,80,0,6,3,1,0
6067,0,30,0,3,2,0,2
6068,0,13,0,5,1,1,2
6069,43,0,1,4,1,1,2
6070,2,0,1,6,3,1,0
6071,80,0,1,5,1,2,1
6072,0,71,0,11,2,1,1
6073,0,79,0,8,2,0,2
6074,2,0,1,13,1,2,1
6075,0,68,0,3,2,0,2
6076,19,0,1,7,1,1,2
6077,0,80,0,3,1,2,1
6078,16,0,1,9,1,2,1
6079,0,40,0,9,1,3,0
6080,80,0,1,5,1,1,2
6081,37,0,1,11,1,1,2
6082,51,0,1,5,1,2,1
6083,0,79,0,4,2,0,2
6084,0,80,0,5,1,2,1
6085,21,0,1,8,1,3,0
6086,10,0,1,4,1,2,1
6087,0,66,0,2,2,1,1
6088,0,28,0,10,1,1,2
6089,36,0,1,6,1,1,2
6090,0,14,0,6,1,2,1
6091,0,80,0,7,1,1,2
6092,24,0,1,8,2,2,0
6093,0,29,0,5,2,1,1
6094,80,0,1,10,1,1,2
6095,0,19,0,9,2,1,1
6096,80,0,1,10,2,0,2
6097,0,17,0,12,1,1,2
6098,76,0,1,1,1,1,2
6099,8,0,1,9,2,0,2
6100,0,15,0,5,2,0,2
6101,80,0,1,11,2,2,0
6102,18,0,1,4,3,1,0
6103,10,0,1,21,1,3,0
6104,0,61,0,13,1,3,0
6105,0,77,0,7,1,2,1
6106,0,18,0,3,1,1,2
6107,71,0,1,5,1,2,1
6108,0,27,0,4,2,1,1
6109,11,0,1,4,1,1,2
6110,76,0,1,2,1,3,0
6111,20,0,1,8,1,2,1
6112,0,36,0,9,1,2,1
6113,0,3,0,12,2,2,0
6114,2,0,1,4,2,1,1
6115,34,0,1,5,1,1,2
6116,50,0,1,6,1,2,1
6117,11,0,1,9,1,1,2
6118,3,0,1,18,2,0,2
6119,0,44,0,7,2,1,1
6120,2,0,1,11,1,1,2
6121,0,3,0,23,1,1,2
6122,0,71,0,3,1,3,0
6123,3,0,1,7,2,1,1
6124,30,0,1,8,1,2,1
6125,5,0,1,10,1,3,0
6126,38,0,1,2,1,1,2
6127,65,0,1,7,2,1,1
6128,0,7,0,12,1,2,0
6129,27,0,1,7,1,2,1
6130,0,30,0,4,1,2,1
6131,8,0,1,6,2,1,1
6132,80,0,1,4,1,1,2
6133,0,61,0,9,2,1,1
6134,0,80,0,7,1,2,1
6135,74,0,1,4,1,1,2
6136,13,0,1,7,2,2,0
6137,58,0,1,6,1,1,2
6138,7,0,1,10,1,2,1
6139,0,80,0,10,2,1,1
6140,0,33,0,5,1,1,2
6141,0,57,0,6,2,2,0
6142,3,0,1,4,3,1,0
6143,0,12,0,6,2,0,2
6144,0,32,0,7,2,0,1
6145,0,67,0,7,1,1,2
6146,0,67,0,5,1,3,0
6147,0,30,0,9,2,1,1
6148,0,80,0,5,1,2,1
6149,0,57,0,6,1,1,1
6150,0,20,0,6,2,0,2
6151,0,47,0,8,1,1,2
6152,0,80,0,1,3,1,0
6153,55,0,1,8,2,1,1
6154,0,20,0,6,1,1,2
6155,59,0,1,3,1,2,1
6156,66,0,1,5,2,0,2
6157,12,0,1,6,2,0,2
6158,0,13,0,4,1,1,2
6159,28,0,1,10,1,2,1
6160,0,44,0,13,2,1,1
6161,0,80,0,6,2,1,1
6162,80,0,1,4,2,1,1
6163,0,25,0,6,2,1,1
6164,0,56,0,8,2,0,2
6165,52,0,1,10,1,1,2
6166,10,0,1,13,4,0,0
6167,36,0,1,8,2,1,1
6168,0,40,0,22,2,1,1
6169,0,12,0,6,1,2,1
6170,0,5,0,10,3,0,1
6171,5,0,1,8,1,1,2
6172,7,0,1,4,2,0,2
6173,0,8,0,10,3,1,0
6174,0,12,0,8,2,2,0
6175,20,0,1,10,2,1,1
6176,0,80,0,4,2,1,1
6177,6,0,1,7,2,1,0
6178,0,63,0,7,2,1,1
6179,0,80,0,6,1,2,1
6180,0,68,0,10,1,1,2
6181,55,0,1,8,1,2,1
6182,0,56,0,5,2,0,2
6183,30,0,1,6,2,1,1
6184,0,19,0,4,1,1,2
6185,80,0,1,4,2,1,1
6186,0,3,0,18,1,2,1
6187,10,0,1,5,2,0,2
6188,7,0,1,6,1,1,2
6189,0,70,0,6,1,2,1
6190,4,0,1,5,3,0,1
6191,0,80,0,5,2,1,1
6192,0,77,0,6,1,1,2
6193,3,0,1,10,1,1,2
6194,0,77,0,6,1,2,1
6195,9,0,1,10,2,1,1
6196,4,0,1,9,2,0,2
6197,10,0,1,7,2,2,0
6198,4,0,1,12,1,2,1
6199,13,0,1,4,2,2,0
6200,80,0,1,4,1,2,1
6201,0,80,0,1,1,1,2
6202,13,0,1,5,2,1,1
6203,0,9,0,11,2,1,1
6204,0,80,0,7,1,2,1
6205,0,80,0,10,3,0,1
6206,0,18,0,4,2,1,1
6207,80,0,1,8,2,0,2
6208,45,0,1,8,2,1,1
6209,7,0,1,7,1,2,1
6210,2,0,1,9,2,1,1
6211,72,0,1,1,1,2,1
6212,0,18,0,8,3,0,1
6213,54,0,1,6,2,1,1
6214,15,0,1,6,2,2,0
6215,0,4,0,18,2,1,1
6216,0,10,0,6,2,1,1
6217,0,80,0,4,2,1,1
6218,0,14,0,6,1,3,0
6219,80,0,1,7,1,2,1
6220,64,0,1,3,1,1,2
6221,0,80,0,3,1,2,1
6222,0,63,0,2,1,1,2
6223,0,80,0,0,2,1,0
6224,27,0,1,6,3,0,1
6225,0,4,0,6,2,0,2
6226,0,80,0,5,1,1,2
6227,0,53,0,8,1,2,1
6228,10,0,1,2,1,2,1
6229,4,0,1,4,1,1,2
6230,10,0,1,10,1,1,2
6231,0,10,0,5,1,1,2
6232,0,35,0,7,1,2,1
6233,0,80,0,6,1,2,1
6234,74,0,1,1,1,2,1
6235,0,80,0,5,1,1,2
6236,3,0,1,7,2,2,0
6237,4,0,1,8,2,2,0
6238,0,35,0,4,1,2,1
6239,0,80,0,7,3,0,1
6240,80,0,1,13,3,1,0
6241,80,0,1,13,2,2,0
6242,80,0,1,9,2,0,2
6243,0,16,0,11,2,0,2
6244,0,38,0,7,1,1,2
6245,0,80,0,3,1,1,2
6246,0,23,0,5,2,1,1
6247,0,72,0,5,1,1,2
6248,0,74,0,8,2,2,0
6249,0,44,0,9,1,1,2
6250,0,2,0,10,1,1,2
6251,10,0,1,5,1,2,1
6252,0,23,0,6,2,2,0
6253,27,0,1,4,3,0,1
6254,0,2,0,5,1,1,2
6255,3,0,1,16,1,1,2
6256,12,0,1,13,1,1,2
6257,12,0,1,12,2,0,2
6258,66,0,1,6,1,3,0
6259,4,0,1,7,2,1,1
6260,80,0,1,3,1,1,2
6261,10,0,1,5,1,1,2
6262,56,0,1,6,1,2,1
6263,0,24,0,9,2,1,1
6264,0,20,0,6,1,2,1
6265,0,80,0,2,1,1,2
6266,0,80,0,2,1,1,2
6267,80,0,1,1,1,1,2
6268,2,0,1,9,1,1,2
6269,7,0,1,5,1,1,2
6270,8,0,1,13,2,1,1
6271,18,0,1,7,1,1,2
6272,49,0,1,4,2,0,2
6273,0,63,0,7,1,2,1
6274,0,75,0,2,2,1,1
6275,0,80,0,4,1,1,2
6276,16,0,1,5,3,0,1
6277,9,0,1,10,2,0,2
6278,73,0,1,8,2,0,2
6279,0,63,0,7,2,1,1
6280,0,46,0,3,1,2,1
6281,80,0,1,7,1,2,1
6282,71,0,1,6,1,2,1
6283,19,0,1,3,2,1,1
6284,3,0,1,8,1,1,2
6285,0,75,0,4,1,2,1
6286,0,19,0,5,2,2,0
6287,55,0,1,12,2,1,1
6288,0,68,0,7,2,0,2
6289,0,25,0,7,2,1,1
6290,0,80,0,3,1,2,1
6291,0,40,0,3,1,2,1
6292,11,0,1,14,1,3,0
6293,0,58,0,7,2,0,2
6294,62,0,1,7,2,1,1
6295,51,0,1,4,1,1,2
6296,2,0,1,9,1,2,1
6297,80,0,1,4,1,2,1
6298,0,10,0,3,1,1,2
6299,33,0,1,6,1,1,2
6300,0,80,0,6,1,1,2
6301,0,63,0,3,1,2,1
6302,0,71,0,9,3,1,0
6303,43,0,1,7,3,1,0
6304,60,0,1,10,1,1,2
6305,0,78,0,7,1,3,0
6306,0,80,0,8,3,0,1
6307,54,0,1,4,1,1,2
6308,0,32,0,1,1,2,1
6309,0,7,0,13,2,1,1
6310,0,2,0,10,2,1,1
6311,33,0,1,12,1,2,1
6312,64,0,1,4,2,1,1
6313,0,2,0,6,1,1,2
6314,0,18,0,8,1,2,1
6315,62,0,1,4,1,1,2
6316,0,16,0,11,2,0,2
6317,0,15,0,14,3,0,1
6318,2,0,1,13,2,0,2
6319,0,74,0,8,1,1,2
6320,0,75,0,7,1,1,2
6321,0,11,0,12,2,0,2
6322,64,0,1,9,1,2,1
6323,16,0,1,7,1,1,2
6324,0,22,0,10,2,1,1
6325,0,2,0,8,1,3,0
6326,0,68,0,5,2,1,1
6327,0,16,0,4,2,0,2
6328,48,0,1,7,2,2,0
6329,31,0,1,15,2,2,0
6330,0,17,0,7,1,1,2
6331,0,43,0,8,2,1,0
6332,0,47,0,7,1,3,0
6333,17,0,1,7,2,1,1
6334,0,80,0,9,2,0,2
6335,0,80,0,8,1,1,2
6336,0,79,0,3,3,1,0
6337,23,0,1,3,2,1,1
6338,0,61,0,7,3,0,1
6339,71,0,1,7,1,2,1
6340,79,0,1,3,1,1,2
6341,80,0,1,4,1,1,2
6342,0,15,0,8,2,2,0
6343,80,0,1,5,1,1,2
6344,6,0,1,10,2,0,2
6345,0,14,0,9,2,1,1
6346,0,80,0,5,1,1,2
6347,0,80,0,10,1,1,2
6348,7,0,1,7,1,2,1
6349,0,62,0,4,1,2,1
6350,8,0,1,4,2,0,2
6351,7,0,1,4,2,1,1
6352,80,0,1,3,2,1,1
6353,0,13,0,7,2,1,1
6354,13,0,1,2,1,3,0
6355,48,0,1,5,3,1,0
6356,14,0,1,6,1,3,0
6357,0,52,0,2,1,1,2
6358,80,0,1,2,1,1,2
6359,0,75,0,2,2,1,1
6360,0,30,0,3,1,1,2
6361,0,17,0,8,1,3,0
6362,0,80,0,4,2,1,1
6363,55,0,1,9,3,1,0
6364,21,0,1,7,1,2,1
6365,0,78,0,13,2,1,1
6366,0,21,0,10,3,0,1
6367,0,21,0,8,1,1,2
6368,0,9,0,7,1,2,1
6369,18,0,1,4,1,1,2
6370,2,0,1,7,2,0,2
6371,42,0,1,14,1,1,2
6372,17,0,1,5,1,2,1
6373,0,5,0,6,1,1,2
6374,80,0,1,3,1,2,1
6375,6,0,1,12,3,0,1
6376,0,4,0,3,2,1,1
6377,9,0,1,12,2,1,1
6378,14,0,1,11,1,2,1
6379,0,67,0,3,2,1,1
6380,0,80,0,4,1,2,1
6381,35,0,1,7,2,1,1
6382,52,0,1,9,2,1,1
6383,4,0,1,4,2,1,1
6384,8,0,1,2,2,0,2
6385,0,4,0,11,1,2,1
6386,2,0,1,9,3,0,1
6387,76,0,1,2,1,2,1
6388,80,0,1,5,1,2,1
6389,0,4,0,11,3,0,1
6390,2,0,1,11,2,1,1
6391,37,0,1,4,1,2,1
6392,20,0,1,10,2,2,0
6393,68,0,1,6,1,2,1
6394,2,0,1,5,2,1,1
6395,3,0,1,15,3,0,1
6396,14,0,1,5,1,2,1
6397,0,23,0,9,1,1,2
6398,0,36,0,7,2,1,1
6399,2,0,1,11,2,1,1
6400,11,0,1,2,1,1,2
6401,0,45,0,4,1,2,1
6402,0,80,0,9,2,0,2
6403,0,16,0,10,2,2,0
6404,0,29,0,6,1,2,0
6405,80,0,1,4,2,2,0
6406,0,79,0,5,3,0,1
6407,0,3,0,6,2,2,0
6408,0,61,0,9,3,0,1
6409,80,0,1,4,2,0,2
6410,4,0,1,9,2,0,2
6411,0,48,0,2,1,1,2
6412,0,28,0,9,2,2,0
6413,17,0,1,8,2,2,0
6414,8,0,1,5,1,1,2
6415,31,0,1,5,1,1,2
6416,70,0,1,2,1,1,2
6417,4,0,1,15,1,1,2
6418,0,9,0,5,1,1,2
6419,0,12,0,5,1,1,2
6420,36,0,1,12,1,2,1
6421,0,9,0,13,2,1,1
6422,0,19,0,5,2,0,2
6423,0,42,0,13,1,2,1
6424,0,21,0,6,2,0,2
6425,25,0,1,3,2,1,1
6426,5,0,1,5,1,1,2
6427,3,0,1,15,1,2,1
6428,80,0,1,8,1,1,2
6429,0,73,0,1,1,2,1
6430,12,0,1,14,2,1,1
6431,6,0,1,11,1,2,1
6432,80,0,1,4,1,2,1
6433,54,0,1,4,1,1,2
6434,19,0,1,1,1,2,1
6435,15,0,1,8,1,1,2
6436,12,0,1,4,1,1,2
6437,5,0,1,4,1,1,2
6438,0,50,0,1,1,1,2
6439,0,19,0,11,1,1,2
6440,38,0,1,1,2,1,1
6441,0,71,0,4,1,2,1
6442,42,0,1,6,1,1,2
6443,14,0,1,8,1,2,1
6444,20,0,1,9,2,1,1
6445,0,80,0,9,1,1,2
6446,0,20,0,6,1,2,1
6447,0,80,0,4,3,0,1
6448,37,0,1,4,2,2,0
6449,9,0,1,3,1,2,1
6450,4,0,1,6,1,1,2
6451,14,0,1,4,1,2,1
6452,3,0,1,9,1,2,1
6453,80,0,1,2,1,2,1
6454,4,0,1,4,2,0,2
6455,66,0,1,4,2,1,1
6456,13,0,1,7,1,1,2
6457,3,0,1,5,1,3,0
6458,27,0,1,14,1,2,1
6459,12,0,1,6,2,2,0
6460,80,0,1,3,1,1,2
6461,0,10,0,7,2,1,1
6462,16,0,1,9,1,1,2
6463,56,0,1,7,1,3,0
6464,0,80,0,2,2,1,1
6465,59,0,1,5,1,3,0
6466,0,45,0,6,1,1,2
6467,0,3,0,6,3,0,1
6468,2,0,1,6,1,1,2
6469,0,80,0,3,3,0,1
6470,0,50,0,7,1,3,0
6471,0,18,0,3,2,0,2
6472,5,0,1,9,1,1,2
6473,35,0,1,2,2,2,0
6474,0,13,0,3,1,1,2
6475,0,8,0,11,2,0,2
6476,0,8,0,5,1,2,1
6477,80,0,1,3,1,1,2
6478,8,0,1,7,1,2,1
6479,0,80,0,4,2,2,0
6480,0,45,0,8,1,2,1
6481,18,0,1,12,1,2,1
6482,0,52,0,6,1,1,2
6483,62,0,1,3,1,1,2
6484,0,49,0,4,2,0,2
6485,0,79,0,7,2,2,0
6486,0,22,0,9,3,1,0
6487,0,18,0,7,2,1,1
6488,0,74,0,4,2,1,1
6489,60,0,1,5,1,2,1
6490,30,0,1,2,1,1,2
6491,2,0,1,15,2,2,0
6492,0,2,0,11,1,1,2
6493,0,14,0,9,1,3,0
6494,0,38,0,2,2,0,2
6495,3,0,1,5,2,1,1
6496,63,0,1,5,2,1,1
6497,0,30,0,5,1,1,2
6498,34,0,1,9,3,1,0
6499,0,80,0,4,1,1,2
6500,0,10,0,23,2,0,2
6501,37,0,1,3,1,1,2
6502,80,0,1,3,1,2,1
6503,0,45,0,15,1,1,2
6504,0,13,0,5,1,1,2
6505,0,22,0,4,2,0,2
6506,10,0,1,2,1,1,2
6507,31,0,1,6,3,1,0
6508,24,0,1,6,1,1,2
6509,37,0,1,10,1,1,2
6510,6,0,1,4,2,2,0
6511,0,14,0,8,2,2,0
6512,20,0,1,5,1,2,1
6513,49,0,1,16,1,2,1
6514,0,44,0,12,2,0,2
6515,50,0,1,4,2,1,1
6516,0,45,0,3,1,1,2
6517,0,8,0,8,1,1,2
6518,7,0,1,11,1,2,1
6519,4,0,1,6,2,1,1
6520,8,0,1,12,1,2,1
6521,0,54,0,5,2,2,0
6522,0,8,0,9,2,0,2
6523,0,61,0,9,2,1,1
6524,0,70,0,4,1,2,1
6525,0,76,0,4,1,1,2
6526,80,0,1,8,1,1,2
6527,2,0,1,10,2,1,1
6528,17,0,1,3,1,2,1
6529,0,4,0,7,3,1,0
6530,0,30,0,4,1,2,1
6531,4,0,1,6,1,1,2
6532,11,0,1,12,1,2,1
6533,41,0,1,10,2,1,1
6534,0,80,0,3,1,2,1
6535,13,0,1,2,1,2,1
6536,3,0,1,13,1,1,2
6537,56,0,1,1,2,2,0
6538,80,0,1,11,2,1,1
6539,0,10,0,8,1,2,1
6540,16,0,1,9,1,1,2
6541,0,12,0,5,2,0,2
6542,0,80,0,6,1,2,1
6543,67,0,1,3,1,3,0
6544,60,0,1,7,3,0,1
6545,0,80,0,3,2,1,1
6546,0,26,0,1,1,2,1
6547,23,0,1,5,1,1,2
6548,0,69,0,12,1,3,0
6549,0,21,0,1,1,1,2
6550,0,80,0,5,2,1,0
6551,0,44,0,5,1,2,1
6552,12,0,1,7,1,1,2
6553,0,41,0,14,2,0,2
6554,80,0,1,5,1,2,1
6555,0,67,0,5,1,2,1
6556,57,0,1,5,1,2,0
6557,17,0,1,13,1,1,2
6558,2,0,1,11,2,0,2
6559,22,0,1,2,1,2,1
6560,0,21,0,6,1,1,2
6561,64,0,1,3,1,1,2
6562,0,80,0,4,2,1,1
6563,58,0,1,1,1,1,2
6564,0,80,0,14,1,1,2
6565,29,0,1,3,1,1,2
6566,0,80,0,1,1,2,1
6567,7,0,1,7,1,1,2
6568,0,21,0,2,1,1,2
6569,0,10,0,11,1,2,1
6570,0,13,0,7,2,0,2
6571,80,0,1,9,2,1,1
6572,62,0,1,5,1,1,2
6573,0,61,0,3,1,2,1
6574,54,0,1,6,2,1,1
6575,0,10,0,10,2,2,0
6576,23,0,1,13,2,2,0
6577,0,28,0,6,1,3,0
6578,0,80,0,1,1,2,1
6579,0,64,0,6,4,0,0
6580,9,0,1,9,1,3,0
6581,0,19,0,7,1,2,1
6582,15,0,1,14,1,1,2
6583,68,0,1,3,2,0,2
6584,9,0,1,12,2,1,1
6585,62,0,1,4,1,2,1
6586,0,80,0,9,2,2,0
6587,0,7,0,5,2,1,1
6588,0,49,0,9,2,1,1
6589,34,0,1,3,1,1,2
6590,0,69,0,5,1,1,2
6591,0,76,0,8,1,2,1
6592,6,0,1,6,2,1,1
6593,0,80,0,4,1,2,1
6594,0,17,0,7,2,2,0
6595,24,0,1,3,2,1,1
6596,0,11,0,2,1,2,1
6597,0,48,0,6,2,0,2
6598,0,15,0,8,1,1,2
6599,0,4,0,9,1,2,1
6600,59,0,1,2,1,2,1
6601,0,29,0,6,2,0,2
6602,22,0,1,5,3,1,0
6603,25,0,1,4,1,1,2
6604,4,0,1,6,4,0,0
6605,35,0,1,2,2,1,1
6606,42,0,1,5,1,2,1
6607,0,40,0,6,2,1,1
6608,0,80,0,0,2,2,0
6609,0,21,0,11,2,1,1
6610,54,0,1,6,2,0,2
6611,70,0,1,5,1,1,2
6612,0,3,0,7,2,1,1
6613,0,21,0,3,2,1,1
6614,13,0,1,6,1,1,2
6615,56,0,1,4,1,2,1
6616,39,0,1,9,2,0,2
6617,0,34,0,14,2,1,1
6618,12,0,1,13,1,1,2
6619,0,22,0,3,2,0,2
6620,0,53,0,14,2,0,2
6621,0,48,0,2,1,1,2
6622,64,0,1,3,2,1,1
6623,48,0,1,12,1,2,0
6624,0,22,0,7,3,1,0
6625,0,29,0,7,2,0,2
6626,0,7,0,10,2,1,1
6627,0,65,0,6,2,0,2
6628,14,0,1,6,1,2,1
6629,9,0,1,4,2,2,0
6630,0,43,0,15,3,1,0
6631,31,0,1,8,1,2,1
6632,13,0,1,5,2,2,0
6633,0,7,0,19,1,1,2
6634,21,0,1,8,2,1,1
6635,12,0,1,3,1,2,1
6636,0,24,0,7,2,0,2
6637,9,0,1,6,1,1,2
6638,59,0,1,3,1,2,0
6639,9,0,1,5,2,2,0
6640,11,0,1,7,2,0,2
6641,38,0,1,3,1,1,2
6642,14,0,1,16,1,1,2
6643,8,0,1,5,1,2,1
6644,80,0,1,5,2,0,2
6645,0,61,0,5,1,1,2
6646,8,0,1,4,2,1,1
6647,56,0,1,3,1,3,0
6648,9,0,1,9,1,1,2
6649,0,75,0,7,1,3,0
6650,9,0,1,5,1,1,2
6651,36,0,1,8,1,1,2
6652,22,0,1,17,2,1,1
6653,0,58,0,6,1,3,0
6654,80,0,1,5,1,3,0
6655,0,25,0,6,2,0,2
6656,66,0,1,6,3,1,0
6657,80,0,1,9,2,1,1
6658,35,0,1,10,1,1,2
6659,25,0,1,6,1,1,2
6660,57,0,1,4,1,1,2
6661,45,0,1,1,2,0,2
6662,0,80,0,9,2,0,2
6663,0,64,0,2,2,1,1
6664,0,27,0,3,3,1,0
6665,4,0,1,7,1,2,1
6666,0,35,0,6,3,1,0
6667,0,17,0,10,3,1,0
6668,67,0,1,6,2,1,1
6669,0,80,0,6,1,2,1
6670,12,0,1,10,1,1,2
6671,6,0,1,6,3,0,1
6672,53,0,1,6,2,1,1
6673,13,0,1,12,1,2,1
6674,0,73,0,3,1,1,2
6675,58,0,1,10,2,0,2
6676,0,21,0,2,3,0,1
6677,80,0,1,11,1,1,2
6678,0,51,0,0,2,1,1
6679,0,56,0,11,2,0,2
6680,0,80,0,3,3,1,0
6681,0,80,0,4,1,2,1
6682,69,0,1,5,2,1,1
6683,0,14,0,8,2,0,2
6684,0,63,0,4,3,1,0
6685,0,17,0,10,1,2,1
6686,21,0,1,5,2,1,1
6687,0,8,0,4,2,0,2
6688,40,0,1,9,2,0,2
6689,12,0,1,13,1,1,2
6690,0,59,0,3,2,1,1
6691,2,0,1,6,3,1,0
6692,0,19,0,3,1,2,1
6693,60,0,1,5,1,2,1
6694,38,0,1,12,2,1,1
6695,0,24,0,3,3,1,0
6696,0,51,0,21,2,1,1
6697,11,0,1,8,3,0,1
6698,0,80,0,3,1,2,1
6699,0,20,0,4,2,1,1
6700,0,80,0,5,2,0,2
6701,0,8,0,13,1,1,2
6702,42,0,1,2,2,0,2
6703,5,0,1,7,1,1,2
6704,0,80,0,3,2,0,2
6705,11,0,1,12,1,1,2
6706,19,0,1,7,1,1,2
6707,0,4,0,12,1,1,2
6708,18,0,1,4,2,2,0
6709,0,69,0,10,1,1,2
6710,3,0,1,14,1,1,2
6711,12,0,1,6,2,2,0
6712,0,80,0,7,2,0,2
6713,3,0,1,18,1,2,1
6714,0,40,0,3,2,1,1
6715,0,80,0,3,1,1,2
6716,58,0,1,3,1,1,2
6717,75,0,1,2,1,2,1
6718,30,0,1,7,1,2,1
6719,54,0,1,6,3,1,0
6720,0,3,0,9,2,2,0
6721,0,4,0,17,1,1,1
6722,0,80,0,4,1,1,2
6723,11,0,1,7,1,1,2
6724,24,0,1,3,1,1,2
6725,0,29,0,7,1,3,0
6726,2,0,1,9,1,2,1
6727,69,0,1,5,3,1,0
6728,0,80,0,1,1,2,1
6729,0,80,0,7,2,1,1
6730,2,0,1,14,2,1,1
6731,50,0,1,11,1,1,2
6732,28,0,1,4,1,2,1
6733,61,0,1,8,2,2,0
6734,3,0,1,10,3,1,0
6735,0,14,0,13,1,1,2
6736,0,36,0,9,1,2,1
6737,0,3,0,7,1,1,2
6738,0,38,0,4,2,1,1
6739,2,0,1,10,3,1,0
6740,0,3,0,10,1,2,0
6741,0,5,0,12,2,1,1
6742,64,0,1,5,1,1,2
6743,3,0,1,6,2,1,1
6744,0,10,0,11,2,1,1
6745,68,0,1,5,2,0,2
6746,0,14,0,5,1,1,2
6747,80,0,1,2,1,2,1
6748,33,0,1,9,1,1,2
6749,26,0,1,4,1,1,2
6750,52,0,1,5,2,1,1
6751,0,7,0,4,2,0,2
6752,0,19,0,6,2,0,2
6753,0,19,0,8,1,1,2
6754,17,0,1,11,2,0,2
6755,0,50,0,16,1,1,2
6756,50,0,1,3,1,1,2
6757,0,18,0,6,1,1,2
6758,0,13,0,9,2,0,2
6759,0,11,0,13,2,1,1
6760,2,0,1,9,1,1,2
6761,0,5,0,4,2,1,1
6762,0,76,0,4,1,2,1
6763,16,0,1,6,2,1,1
6764,56,0,1,7,1,2,1
6765,9,0,1,6,2,1,1
6766,16,0,1,3,1,2,1
6767,0,80,0,4,1,2,0
6768,0,34,0,3,2,1,1
6769,2,0,1,12,1,1,2
6770,0,76,0,4,1,3,0
6771,0,14,0,4,2,0,2
6772,2,0,1,6,1,1,2
6773,0,80,0,6,3,0,1
6774,0,45,0,2,1,1,2
6775,22,0,1,5,1,2,1
6776,0,61,0,2,1,3,0
6777,0,78,0,11,2,1,1
6778,0,10,0,4,1,1,2
6779,18,0,1,4,1,2,1
6780,0,15,0,7,2,1,1
6781,0,80,0,8,1,2,1
6782,12,0,1,13,1,2,1
6783,0,15,0,5,2,1,1
6784,23,0,1,8,1,1,2
6785,79,0,1,5,2,0,2
6786,0,46,0,6,1,2,1
6787,0,4,0,10,1,1,2
6788,0,22,0,5,2,2,0
6789,80,0,1,2,1,1,2
6790,0,66,0,8,2,2,0
6791,0,23,0,10,2,2,0
6792,28,0,1,6,1,3,0
6793,2,0,1,9,1,1,2
6794,2,0,1,3,1,1,2
6795,0,80,0,6,2,1,1
6796,80,0,1,8,1,2,1
6797,5,0,1,15,2,1,1
6798,44,0,1,6,2,1,1
6799,0,80,0,15,1,1,2
6800,13,0,1,8,1,3,0
6801,62,0,1,3,1,1,2
6802,0,17,0,8,1,2,1
6803,4,0,1,16,1,1,2
6804,0,37,0,5,2,1,1
6805,36,0,1,3,1,1,2
6806,9,0,1,17,1,3,0
6807,0,80,0,6,2,0,2
6808,50,0,1,8,2,1,1
6809,0,60,0,6,1,3,0
6810,0,80,0,3,1,1,2
6811,0,6,0,5,1,1,2
6812,5,0,1,9,1,2,1
6813,16,0,1,5,2,1,1
6814,6,0,1,9,2,1,1
6815,0,79,0,3,2,1,1
6816,53,0,1,9,2,2,0
6817,9,0,1,12,2,1,1
6818,0,23,0,7,1,2,0
6819,80,0,1,3,1,2,1
6820,80,0,1,11,2,2,0
6821,74,0,1,2,2,1,1
6822,44,0,1,6,1,1,2
6823,0,80,0,4,1,2,1
6824,0,11,0,10,1,1,2
6825,65,0,1,4,1,1,2
6826,80,0,1,12,1,2,1
6827,0,19,0,7,1,1,1
6828,0,18,0,7,1,1,2
6829,53,0,1,4,2,1,1
6830,0,15,0,6,1,1,2
6831,61,0,1,3,2,1,1
6832,74,0,1,4,1,1,2
6833,0,29,0,4,1,1,1
6834,5,0,1,2,1,2,1
6835,0,39,0,13,3,0,0
6836,2,0,1,6,1,1,2
6837,2,0,1,13,1,1,1
6838,47,0,1,9,3,1,0
6839,5,0,1,5,1,1,2
6840,63,0,1,2,2,2,0
6841,0,15,0,11,3,0,1
6842,80,0,1,6,1,1,2
6843,0,63,0,4,1,2,0
6844,0,10,0,4,1,1,2
6845,26,0,1,4,2,1,1
6846,2,0,1,18,1,1,2
6847,0,18,0,6,1,2,1
6848,0,25,0,9,1,1,2
6849,0,18,0,2,2,1,1
6850,0,3,0,3,1,2,1
6851,12,0,1,8,1,2,1
6852,80,0,1,6,2,1,1
6853,10,0,1,4,1,1,2
6854,0,26,0,2,1,2,1
6855,0,18,0,1,2,0,2
6856,0,33,0,5,2,1,1
6857,0,28,0,6,2,2,0
6858,0,7,0,11,1,1,2
6859,0,80,0,2,1,2,1
6860,9,0,1,6,2,1,1
6861,63,0,1,4,1,1,2
6862,0,80,0,5,1,1,2
6863,0,80,0,4,2,2,0
6864,61,0,1,6,1,1,2
6865,4,0,1,7,2,1,1
6866,32,0,1,2,1,1,2
6867,80,0,1,5,1,1,2
6868,21,0,1,3,2,1,1
6869,0,14,0,10,2,0,2
6870,12,0,1,7,1,1,2
6871,0,10,0,16,1,1,2
6872,0,62,0,19,3,0,1
6873,15,0,1,6,2,1,1
6874,80,0,1,5,1,1,2
6875,5,0,1,7,1,2,1
6876,0,42,0,3,2,1,0
6877,0,71,0,6,3,1,0
6878,0,16,0,5,1,1,2
6879,0,80,0,7,1,1,2
6880,0,64,0,4,1,1,2
6881,32,0,1,3,2,1,1
6882,0,18,0,14,1,2,1
6883,0,80,0,8,2,1,1
6884,0,80,0,4,1,2,1
6885,11,0,1,4,2,1,1
6886,15,0,1,7,3,0,1
6887,10,0,1,7,2,1,1
6888,0,3,0,6,3,0,0
6889,20,0,1,8,1,2,1
6890,0,80,0,1,1,1,2
6891,69,0,1,5,2,2,0
6892,0,19,0,7,1,1,2
6893,12,0,1,9,2,0,2
6894,8,0,1,9,1,2,1
6895,0,17,0,12,3,0,1
6896,7,0,1,7,1,2,1
6897,0,55,0,5,2,1,1
6898,5,0,1,7,1,3,0
6899,14,0,1,5,1,1,2
6900,42,0,1,11,2,0,2
6901,0,80,0,8,2,0,2
6902,23,0,1,6,2,1,1
6903,17,0,1,6,1,1,2
6904,80,0,1,4,1,1,2
6905,0,80,0,8,1,2,1
6906,48,0,1,9,1,1,2
6907,0,80,0,14,2,0,2
6908,0,9,0,8,2,0,2
6909,29,0,1,5,2,1,1
6910,0,68,0,7,1,2,1
6911,62,0,1,5,1,1,2
6912,0,80,0,4,2,1,1
6913,58,0,1,3,1,1,2
6914,0,68,0,4,3,1,0
6915,11,0,1,5,3,1,0
6916,80,0,1,6,1,2,1
6917,0,16,0,5,2,2,0
6918,2,0,1,14,1,2,1
6919,0,15,0,8,1,2,1
6920,52,0,1,4,3,1,0
6921,0,13,0,16,1,2,1
6922,80,0,1,5,1,2,1
6923,0,80,0,1,1,1,2
6924,36,0,1,5,1,1,2
6925,38,0,1,11,1,2,1
6926,80,0,1,1,2,0,2
6927,0,24,0,4,1,1,2
6928,55,0,1,7,2,1,1
6929,0,55,0,4,1,2,1
6930,0,19,0,17,1,1,2
6931,5,0,1,12,2,0,2
6932,0,68,0,4,2,1,1
6933,10,0,1,6,1,2,1
6934,2,0,1,5,2,2,0
6935,0,35,0,1,3,1,0
6936,0,73,0,5,2,2,0
6937,2,0,1,8,2,1,1
6938,0,27,0,10,2,1,1
6939,80,0,1,2,1,1,2
6940,9,0,1,6,1,1,2
6941,34,0,1,8,2,2,0
6942,3,0,1,7,3,1,0
6943,2,0,1,9,2,0,2
6944,28,0,1,4,1,1,2
6945,55,0,1,5,2,2,0
6946,2,0,1,10,3,0,1
6947,0,19,0,5,2,0,2
6948,9,0,1,10,2,1,1
6949,11,0,1,10,1,2,1
6950,25,0,1,7,2,2,0
6951,0,29,0,7,3,1,0
6952,16,0,1,11,1,1,2
6953,80,0,1,2,1,2,1
6954,55,0,1,5,1,1,2
6955,0,76,0,3,2,1,1
6956,24,0,1,5,1,1,2
6957,0,6,0,1,1,2,1
6958,0,28,0,5,1,2,1
6959,0,70,0,2,1,2,1
6960,15,0,1,5,1,1,2
6961,0,44,0,6,2,1,1
6962,49,0,1,5,2,1,0
6963,0,10,0,6,2,2,0
6964,0,76,0,3,1,2,1
6965,8,0,1,9,3,0,1
6966,0,16,0,6,2,0,2
6967,80,0,1,3,2,2,0
6968,23,0,1,6,2,1,1
6969,80,0,1,3,2,2,0
6970,51,0,1,3,1,1,2
6971,0,73,0,2,2,1,1
6972,11,0,1,5,2,0,2
6973,2,0,1,8,1,2,1
6974,62,0,1,17,3,0,1
6975,40,0,1,6,1,1,2
6976,39,0,1,7,1,1,2
6977,23,0,1,6,3,1,0
6978,0,12,0,15,1,1,2
6979,0,6,0,11,1,1,2
6980,0,10,0,11,2,1,1
6981,25,0,1,10,2,2,0
6982,0,80,0,5,1,1,2
6983,80,0,1,7,1,1,2
6984,0,66,0,1,1,1,2
6985,77,0,1,1,2,2,0
6986,0,5,0,8,1,2,1
6987,80,0,1,6,1,2,1
6988,4,0,1,9,1,1,2
6989,0,39,0,5,1,2,1
6990,0,76,0,8,1,2,1
6991,30,0,1,2,1,2,1
6992,0,13,0,9,2,1,1
6993,9,0,1,6,2,1,1
6994,0,80,0,9,1,1,2
6995,34,0,1,4,2,0,2
6996,80,0,1,2,2,1,1
6997,7,0,1,13,2,0,2
6998,21,0,1,1,2,2,0
6999,0,10,0,6,2,1,1
7000,80,0,1,7,1,1,2
7001,36,0,1,8,2,1,1
7002,13,0,1,4,1,3,0
7003,0,15,0,10,1,1,2
7004,54,0,1,7,2,2,0
7005,0,80,0,4,2,1,1
7006,0,23,0,7,1,1,2
7007,47,0,1,4,2,2,0
7008,0,38,0,9,1,2,1
7009,0,10,0,7,2,1,1
7010,44,0,1,6,1,2,1
7011,56,0,1,11,2,0,1
7012,80,0,1,9,1,2,1
7013,43,0,1,6,1,2,1
7014,0,80,0,3,2,1,1
7015,0,80,0,7,2,1,1
7016,44,0,1,5,1,2,1
7017,54,0,1,11,2,1,1
7018,0,60,0,4,2,0,2
7019,0,80,0,3,1,1,2
7020,0,29,0,5,1,2,1
7021,14,0,1,5,2,1,1
7022,0,15,0,14,2,0,2
7023,41,0,1,7,1,1,2
7024,37,0,1,5,1,1,2
7025,0,12,0,4,2,0,2
7026,0,24,0,6,1,1,2
7027,0,42,0,3,1,1,2
7028,54,0,1,4,3,1,0
7029,13,0,1,9,1,1,2
7030,0,80,0,4,2,2,0
7031,67,0,1,3,1,2,1
7032,13,0,1,9,1,1,2
7033,23,0,1,8,1,2,1
7034,4,0,1,10,1,1,2
7035,0,9,0,6,1,3,0
7036,0,80,0,4,3,0,1
7037,9,0,1,12,1,1,2
7038,46,0,1,7,2,1,1
7039,59,0,1,7,2,1,1
7040,0,10,0,7,2,1,1
7041,0,67,0,5,1,1,2
7042,40,0,1,7,1,2,1
7043,0,43,0,9,1,1,2
7044,0,44,0,12,3,1,0
7045,13,0,1,6,1,1,2
7046,50,0,1,3,1,2,1
7047,80,0,1,2,1,3,0
7048,0,9,0,7,2,1,1
7049,73,0,1,8,1,2,1
7050,0,2,0,12,1,2,1
7051,80,0,1,6,2,1,1
7052,58,0,1,5,1,1,2
7053,56,0,1,5,1,1,2
7054,56,0,1,4,1,1,2
7055,30,0,1,4,1,1,2
7056,0,19,0,4,2,1,1
7057,15,0,1,8,2,0,2
7058,0,73,0,9,2,1,1
7059,2,0,1,13,2,1,1
7060,0,58,0,9,2,1,1
7061,0,47,0,7,1,1,2
7062,13,0,1,5,2,1,1
7063,10,0,1,5,2,0,2
7064,0,22,0,10,2,2,0
7065,0,71,0,0,2,1,1
7066,4,0,1,10,2,1,1
7067,52,0,1,3,1,2,1
7068,0,70,0,14,1,1,2
7069,11,0,1,12,2,1,1
7070,0,9,0,10,2,1,1
7071,16,0,1,9,1,3,0
7072,80,0,1,4,1,2,1
7073,10,0,1,5,2,1,1
7074,8,0,1,7,1,1,2
7075,21,0,1,5,2,1,1
7076,26,0,1,9,1,3,0
7077,0,13,0,7,2,1,1
7078,52,0,1,6,1,3,0
7079,35,0,1,10,2,1,1
7080,55,0,1,3,1,1,2
7081,0,4,0,9,1,1,2
7082,23,0,1,10,1,2,1
7083,0,21,0,4,2,0,2
7084,0,29,0,4,1,1,2
7085,80,0,1,7,2,2,0
7086,0,7,0,9,2,1,1
7087,0,80,0,1,1,1,2
7088,5,0,1,4,1,1,2
7089,3,0,1,7,1,1,2
7090,0,20,0,6,2,1,1
7091,4,0,1,8,2,2,0
7092,0,80,0,3,2,1,1
7093,0,68,0,18,2,1,1
7094,45,0,1,4,1,1,2
7095,38,0,1,11,2,1,1
7096,0,80,0,4,1,3,0
7097,80,0,1,9,2,1,1
7098,0,80,0,2,1,2,1
7099,80,0,1,3,1,2,1
7100,7,0,1,15,1,1,2
7101,80,0,1,4,1,1,2
7102,50,0,1,11,1,3,0
7103,0,14,0,7,2,0,2
7104,3,0,1,8,2,1,1
7105,3,0,1,7,2,2,0
7106,80,0,1,12,1,1,2
7107,7,0,1,9,3,1,0
7108,14,0,1,4,1,2,1
7109,0,24,0,6,2,1,1
7110,0,32,0,3,2,1,1
7111,0,21,0,9,2,2,0
7112,0,28,0,7,2,1,1
7113,13,0,1,5,2,1,1
7114,7,0,1,8,2,2,0
7115,18,0,1,7,3,1,0
7116,7,0,1,6,3,0,1
7117,0,2,0,7,2,2,0
7118,44,0,1,11,2,1,1
7119,3,0,1,10,1,2,1
7120,0,30,0,3,2,1,1
7121,0,80,0,6,1,3,0
7122,3,0,1,7,1,2,1
7123,45,0,1,12,2,2,0
7124,0,80,0,15,2,1,1
7125,68,0,1,9,1,3,0
7126,10,0,1,5,1,2,1
7127,80,0,1,5,2,2,0
7128,0,9,0,17,1,1,2
7129,50,0,1,7,1,1,2
7130,16,0,1,2,2,1,1
7131,28,0,1,3,2,1,1
7132,0,70,0,15,1,2,1
7133,0,66,0,12,1,1,2
7134,0,56,0,7,1,1,2
7135,0,71,0,0,1,2,1
7136,20,0,1,5,1,1,2
7137,0,6,0,7,2,1,1
7138,32,0,1,22,2,1,1
7139,0,23,0,8,1,1,2
7140,48,0,1,7,2,1,1
7141,0,80,0,9,2,0,2
7142,0,9,0,13,1,2,1
7143,0,49,0,5,1,1,2
7144,20,0,1,9,1,2,1
7145,8,0,1,6,2,1,1
7146,80,0,1,5,1,2,1
7147,0,80,0,8,1,1,2
7148,80,0,1,7,2,2,0
7149,0,80,0,2,2,0,2
7150,0,80,0,1,1,1,2
7151,2,0,1,8,3,0,1
7152,34,0,1,10,2,1,1
7153,42,0,1,5,2,0,2
7154,0,25,0,6,3,0,1
7155,12,0,1,10,2,1,1
7156,68,0,1,3,1,1,2
7157,0,7,0,6,1,2,1
7158,0,58,0,9,1,1,2
7159,2,0,1,6,1,2,1
7160,0,30,0,7,3,0,1
7161,0,2,0,9,2,1,1
7162,0,72,0,6,1,3,0
7163,0,63,0,5,1,2,1
7164,0,16,0,15,2,1,1
7165,48,0,1,2,1,1,2
7166,0,7,0,8,1,2,1
7167,0,80,0,3,2,0,2
7168,4,0,1,11,1,1,2
7169,34,0,1,5,1,1,2
7170,15,0,1,11,2,2,0
7171,0,68,0,5,1,2,1
7172,80,0,1,2,1,2,1
7173,30,0,1,4,1,1,2
7174,2,0,1,9,3,0,1
7175,22,0,1,4,2,2,0
7176,42,0,1,1,1,1,2
7177,42,0,1,6,1,2,1
7178,0,61,0,3,1,1,2
7179,41,0,1,6,1,1,2
7180,80,0,1,11,1,1,2
7181,35,0,1,12,2,2,0
7182,8,0,1,7,3,0,1
7183,71,0,1,4,1,1,2
7184,80,0,1,4,2,2,0
7185,6,0,1,9,1,2,1
7186,0,33,0,2,1,1,2
7187,0,80,0,3,2,0,2
7188,42,0,1,6,1,1,2
7189,0,12,0,6,2,0,2
7190,0,25,0,8,1,1,2
7191,10,0,1,6,1,1,2
7192,8,0,1,8,2,2,0
7193,0,12,0,4,1,2,1
7194,12,0,1,6,1,1,1
7195,69,0,1,2,1,2,1
7196,0,56,0,9,2,1,1
7197,42,0,1,10,2,0,2
7198,50,0,1,3,2,0,2
7199,30,0,1,3,2,1,1
7200,0,11,0,5,1,2,1
7201,68,0,1,3,1,1,2
7202,38,0,1,11,1,2,1
7203,0,70,0,3,1,1,2
7204,0,6,0,10,3,1,0
7205,53,0,1,3,2,2,0
7206,16,0,1,9,2,0,2
7207,0,12,0,5,1,1,2
7208,3,0,1,5,1,2,1
7209,6,0,1,9,2,1,1
7210,0,50,0,8,2,1,1
7211,80,0,1,4,1,2,1
7212,0,3,0,11,1,2,1
7213,5,0,1,6,1,1,2
7214,0,16,0,4,1,2,1
7215,80,0,1,11,2,1,1
7216,51,0,1,7,3,1,0
7217,4,0,1,6,1,1,2
7218,0,80,0,11,1,3,0
7219,0,78,0,8,1,1,2
7220,0,34,0,6,1,1,2
7221,0,5,0,11,2,1,1
7222,0,47,0,4,1,3,0
7223,6,0,1,4,2,2,0
7224,80,0,1,4,1,1,2
7225,0,6,0,6,1,1,2
7226,0,43,0,11,1,2,1
7227,0,8,0,19,2,0,2
7228,36,0,1,3,2,1,1
7229,0,26,0,8,1,1,2
7230,3,0,1,5,2,1,1
7231,56,0,1,3,1,1,2
7232,0,2,0,4,1,2,1
7233,12,0,1,4,2,1,1
7234,0,80,0,14,1,1,2
7235,8,0,1,4,2,0,2
7236,0,11,0,14,2,1,1
7237,41,0,1,1,1,1,2
7238,0,2,0,8,2,2,0
7239,5,0,1,6,1,1,2
7240,30,0,1,6,2,2,0
7241,0,17,0,4,2,1,1
7242,0,8,0,11,3,0,1
7243,0,24,0,7,1,1,2
7244,0,11,0,5,2,1,1
7245,36,0,1,5,2,1,1
7246,2,0,1,7,2,1,1
7247,53,0,1,4,1,1,2
7248,14,0,1,11,1,1,2
7249,54,0,1,5,2,0,2
7250,0,72,0,5,1,1,2
7251,0,15,0,7,2,0,2
7252,2,0,1,10,2,1,1
7253,47,0,1,9,1,2,1
7254,57,0,1,5,1,1,2
7255,0,14,0,6,2,0,2
7256,80,0,1,5,2,1,1
7257,0,13,0,7,1,2,1
7258,36,0,1,4,2,1,1
7259,0,16,0,11,1,3,0
7260,45,0,1,9,1,1,2
7261,0,60,0,4,1,1,2
7262,0,12,0,9,1,1,2
7263,0,40,0,2,1,2,1
7264,0,10,0,9,1,2,1
7265,0,80,0,2,2,2,0
7266,80,0,1,7,1,2,1
7267,21,0,1,5,1,1,2
7268,0,11,0,8,2,1,1
7269,0,11,0,12,1,1,2
7270,0,80,0,0,1,2,1
7271,0,49,0,7,2,2,0
7272,0,23,0,3,1,2,1
7273,12,0,1,3,3,0,1
7274,0,14,0,10,2,1,1
7275,4,0,1,6,2,0,2
7276,0,21,0,10,2,1,1
7277,0,2,0,17,2,0,2
7278,51,0,1,5,1,1,2
7279,0,18,0,10,1,1,2
7280,0,47,0,2,2,0,2
7281,0,80,0,5,1,1,2
7282,0,45,0,7,1,2,1
7283,3,0,1,9,1,1,2
7284,0,63,0,3,2,2,0
7285,0,69,0,3,1,1,2
7286,0,14,0,7,1,1,2
7287,0,74,0,3,1,1,2
7288,0,15,0,9,1,1,2
7289,80,0,1,6,1,2,1
7290,0,26,0,1,1,1,2
7291,80,0,1,3,1,2,1
7292,0,80,0,6,2,2,0
7293,0,80,0,4,3,0,1
7294,0,40,0,9,2,0,2
7295,6,0,1,8,2,1,1
7296,0,10,0,13,2,1,1
7297,80,0,1,2,1,2,1
7298,9,0,1,4,2,1,1
7299,0,2,0,8,1,1,1
7300,31,0,1,11,1,1,2
7301,9,0,1,12,1,1,2
7302,12,0,1,7,2,1,1
7303,0,7,0,16,3,0,1
7304,0,80,0,13,1,1,2
7305,0,78,0,2,2,2,0
7306,0,49,0,6,2,1,1
7307,0,34,0,13,2,2,0
7308,0,67,0,7,1,2,1
7309,0,80,0,5,1,1,2
7310,0,80,0,9,1,1,2
7311,80,0,1,2,2,1,1
7312,28,0,1,4,1,1,2
7313,34,0,1,6,3,1,0
7314,9,0,1,11,1,2,1
7315,0,8,0,14,2,2,0
7316,60,0,1,2,2,2,0
7317,2,0,1,3,3,0,1
7318,44,0,1,11,3,1,0
7319,19,0,1,3,2,1,1
7320,64,0,1,4,1,2,1
7321,0,11,0,5,1,2,1
7322,2,0,1,9,1,2,1
7323,54,0,1,7,1,2,1
7324,0,58,0,6,1,1,2
7325,0,80,0,4,2,1,1
7326,80,0,1,6,2,1,1
7327,39,0,1,3,1,1,2
7328,65,0,1,4,1,1,2
7329,40,0,1,6,2,1,1
7330,80,0,1,9,1,1,2
7331,0,55,0,5,2,1,1
7332,21,0,1,4,2,1,1
7333,3,0,1,6,1,1,2
7334,0,63,0,7,1,2,1
7335,80,0,1,5,3,1,0
7336,4,0,1,7,1,1,2
7337,24,0,1,3,1,1,2
7338,49,0,1,12,3,0,1
7339,4,0,1,6,1,3,0
7340,0,12,0,4,2,1,1
7341,0,8,0,8,1,2,1
7342,80,0,1,6,2,0,2
7343,0,39,0,5,1,1,2
7344,12,0,1,7,1,1,2
7345,17,0,1,7,2,1,1
7346,31,0,1,7,2,0,2
7347,0,80,0,6,2,1,1
7348,21,0,1,9,2,0,2
7349,2,0,1,11,2,1,1
7350,7,0,1,5,1,1,2
7351,11,0,1,4,1,2,1
7352,11,0,1,7,1,2,1
7353,22,0,1,8,2,2,0
7354,48,0,1,7,1,1,2
7355,0,17,0,7,2,0,2
7356,0,47,0,1,1,2,1
7357,0,15,0,8,1,2,1
7358,22,0,1,2,1,2,1
7359,0,80,0,6,1,2,1
7360,3,0,1,15,2,1,1
7361,0,38,0,2,1,2,1
7362,12,0,1,4,1,1,2
7363,80,0,1,10,3,0,1
7364,0,20,0,3,1,1,2
7365,50,0,1,5,2,1,1
7366,0,34,0,17,3,0,1
7367,16,0,1,13,1,3,0
7368,0,74,0,9,2,2,0
7369,0,33,0,6,2,1,1
7370,33,0,1,9,2,1,1
7371,8,0,1,7,2,1,1
7372,0,19,0,9,1,1,2
7373,52,0,1,6,3,1,0
7374,0,49,0,6,2,2,0
7375,0,2,0,8,2,0,2
7376,23,0,1,8,2,0,2
7377,80,0,1,2,2,0,2
7378,11,0,1,6,1,1,2
7379,0,80,0,2,1,2,1
7380,0,18,0,6,3,1,0
7381,3,0,1,8,1,1,2
7382,13,0,1,13,1,3,0
7383,80,0,1,7,1,2,1
7384,13,0,1,4,2,2,0
7385,10,0,1,18,2,2,0
7386,2,0,1,10,2,0,2
7387,0,80,0,6,1,2,1
7388,5,0,1,11,1,1,2
7389,0,80,0,1,1,1,2
7390,45,0,1,8,2,0,2
7391,0,80,0,9,2,1,0
7392,0,54,0,8,1,1,2
7393,40,0,1,5,2,1,1
7394,33,0,1,11,1,3,0
7395,64,0,1,1,1,1,2
7396,0,80,0,8,2,0,2
7397,0,18,0,6,2,1,1
7398,64,0,1,5,1,2,1
7399,0,22,0,7,1,1,2
7400,12,0,1,5,1,1,2
7401,18,0,1,10,2,1,1
7402,50,0,1,6,1,1,2
7403,15,0,1,8,1,1,2
7404,21,0,1,1,1,1,2
7405,28,0,1,5,1,1,2
7406,7,0,1,10,1,2,1
7407,80,0,1,9,1,1,2
7408,0,72,0,12,2,2,0
7409,30,0,1,1,1,1,2
7410,39,0,1,10,1,3,0
7411,0,70,0,7,1,1,2
7412,0,42,0,5,1,1,2
7413,2,0,1,5,2,1,1
7414,8,0,1,4,1,1,2
7415,25,0,1,4,1,3,0
7416,0,50,0,10,3,1,0
7417,2,0,1,16,2,1,1
7418,29,0,1,7,2,1,1
7419,80,0,1,10,2,0,2
7420,0,63,0,3,4,0,0
7421,0,20,0,9,2,1,1
7422,33,0,1,6,2,0,2
7423,80,0,1,2,1,1,2
7424,16,0,1,5,1,2,1
7425,46,0,1,7,1,2,1
7426,0,34,0,9,2,1,1
7427,0,69,0,10,1,2,1
7428,7,0,1,7,1,2,1
7429,80,0,1,2,2,2,0
7430,40,0,1,3,1,1,2
7431,72,0,1,3,1,2,1
7432,65,0,1,3,2,0,2
7433,0,2,0,10,1,1,2
7434,0,65,0,9,2,2,0
7435,18,0,1,3,1,2,1
7436,39,0,1,5,2,1,1
7437,5,0,1,7,1,1,2
7438,0,10,0,6,1,1,2
7439,0,15,0,6,2,0,2
7440,6,0,1,8,2,1,1
7441,80,0,1,5,1,1,2
7442,0,21,0,9,1,1,2
7443,26,0,1,5,1,1,2
7444,0,4,0,7,2,2,0
7445,0,12,0,5,1,3,0
7446,35,0,1,8,3,0,1
7447,13,0,1,10,1,2,1
7448,6,0,1,6,2,0,2
7449,0,49,0,9,1,1,2
7450,53,0,1,7,3,1,0
7451,31,0,1,6,2,2,0
7452,6,0,1,3,1,1,2
7453,0,43,0,5,1,2,1
7454,8,0,1,10,1,2,1
7455,11,0,1,7,1,2,1
7456,0,20,0,3,1,3,0
7457,0,18,0,6,1,1,2
7458,7,0,1,9,2,1,1
7459,60,0,1,9,2,1,1
7460,0,66,0,13,1,3,0
7461,80,0,1,20,1,1,2
7462,0,24,0,5,2,1,1
7463,0,38,0,6,1,2,1
7464,20,0,1,10,2,1,1
7465,80,0,1,5,1,1,2
7466,0,69,0,5,1,1,2
7467,0,18,0,5,2,1,1
7468,80,0,1,4,1,2,1
7469,35,0,1,8,1,2,1
7470,3,0,1,14,2,1,1
7471,38,0,1,4,2,1,1
7472,0,7,0,8,1,1,2
7473,13,0,1,10,2,1,1
7474,5,0,1,16,2,2,0
7475,16,0,1,5,2,0,1
7476,23,0,1,5,2,0,2
7477,7,0,1,14,1,2,1
7478,0,2,0,6,2,0,2
7479,12,0,1,9,1,1,2
7480,0,29,0,13,2,1,1
7481,19,0,1,3,1,3,0
7482,0,35,0,3,2,0,2
7483,0,35,0,17,1,2,1
7484,4,0,1,11,1,1,2
7485,2,0,1,4,1,1,2
7486,0,78,0,15,3,0,1
7487,0,6,0,6,1,3,0
7488,2,0,1,7,1,2,1
7489,3,0,1,9,2,2,0
7490,4,0,1,12,2,1,1
7491,0,6,0,17,3,1,0
7492,13,0,1,5,1,2,1
7493,27,0,1,9,2,2,0
7494,4,0,1,12,1,1,2
7495,13,0,1,8,2,1,1
7496,0,70,0,13,1,1,2
7497,0,13,0,10,1,1,1
7498,69,0,1,5,1,2,1
7499,40,0,1,6,2,1,1
7500,0,80,0,5,1,1,2
7501,0,45,0,3,1,3,0
7502,0,80,0,14,1,1,1
7503,59,0,1,5,1,1,2
7504,0,5,0,8,1,2,1
7505,3,0,1,9,1,1,2
7506,4,0,1,10,2,0,2
7507,25,0,1,2,1,1,2
7508,17,0,1,6,1,1,2
7509,26,0,1,5,2,2,0
7510,4,0,1,6,1,1,2
7511,10,0,1,7,2,2,0
7512,0,28,0,7,1,1,2
7513,0,67,0,2,2,0,2
7514,80,0,1,2,1,1,2
7515,13,0,1,3,1,1,2
7516,60,0,1,8,2,1,1
7517,70,0,1,4,2,1,1
7518,17,0,1,3,1,1,2
7519,0,80,0,0,1,1,2
7520,0,24,0,10,1,1,2
7521,0,30,0,3,2,1,1
7522,8,0,1,14,3,0,1
7523,3,0,1,12,1,1,2
7524,10,0,1,9,1,3,0
7525,80,0,1,2,1,1,2
7526,8,0,1,9,1,2,1
7527,2,0,1,5,1,1,2
7528,0,13,0,6,1,3,0
7529,6,0,1,11,2,2,0
7530,27,0,1,7,4,0,0
7531,0,11,0,7,2,0,2
7532,2,0,1,6,1,1,2
7533,13,0,1,5,2,2,0
7534,39,0,1,4,1,2,1
7535,38,0,1,11,1,1,2
7536,56,0,1,4,1,1,2
7537,0,32,0,11,2,0,2
7538,27,0,1,6,1,2,1
7539,16,0,1,3,3,0,1
7540,0,80,0,11,3,0,1
7541,2,0,1,8,1,1,2
7542,4,0,1,9,2,1,1
7543,2,0,1,9,3,0,1
7544,0,23,0,6,1,1,2
7545,18,0,1,4,2,0,2
7546,2,0,1,12,2,1,1
7547,62,0,1,3,1,1,2
7548,0,52,0,5,2,1,1
7549,6,0,1,8,1,1,2
7550,28,0,1,10,1,2,1
7551,0,6,0,5,1,1,2
7552,0,13,0,8,1,1,2
7553,11,0,1,5,1,1,1
7554,80,0,1,6,2,1,1
7555,0,76,0,3,3,0,1
7556,10,0,1,6,1,1,2
7557,56,0,1,7,1,1,2
7558,0,80,0,7,2,1,1
7559,14,0,1,23,2,1,1
7560,0,6,0,10,1,1,2
7561,18,0,1,8,3,1,0
7562,80,0,1,3,1,2,1
7563,0,31,0,4,2,0,2
7564,0,38,0,2,3,1,0
7565,38,0,1,4,1,1,2
7566,0,13,0,10,1,1,2
7567,0,73,0,3,3,1,0
7568,0,18,0,4,2,1,1
7569,2,0,1,4,2,1,1
7570,0,46,0,1,2,2,0
7571,80,0,1,5,1,1,2
7572,50,0,1,5,2,2,0
7573,0,7,0,4,2,0,2
7574,0,6,0,4,2,1,1
7575,26,0,1,2,1,1,2
7576,21,0,1,2,1,2,1
7577,0,40,0,5,1,2,1
7578,80,0,1,7,2,0,2
7579,0,80,0,6,2,0,2
7580,0,72,0,1,1,1,2
7581,0,80,0,3,2,1,1
7582,37,0,1,3,2,1,1
7583,0,28,0,1,1,2,1
7584,80,0,1,5,2,1,1
7585,36,0,1,5,2,1,1
7586,0,39,0,3,1,1,2
7587,63,0,1,4,2,0,2
7588,80,0,1,5,1,2,1
7589,0,7,0,3,1,1,2
7590,0,69,0,5,3,1,0
7591,0,20,0,4,1,1,2
7592,60,0,1,2,1,1,2
7593,8,0,1,10,1,1,2
7594,0,61,0,2,1,2,1
7595,2,0,1,8,2,2,0
7596,62,0,1,8,2,0,2
7597,77,0,1,8,1,2,0
7598,2,0,1,9,1,1,2
7599,3,0,1,4,2,0,2
7600,80,0,1,6,1,2,1
7601,0,26,0,6,1,1,2
7602,19,0,1,6,1,1,2
7603,12,0,1,8,2,1,1
7604,74,0,1,7,3,0,1
7605,0,72,0,16,1,1,2
7606,0,66,0,1,1,2,1
7607,0,80,0,3,2,1,1
7608,8,0,1,7,1,1,2
7609,0,69,0,1,1,1,2
7610,0,80,0,2,2,2,0
7611,23,0,1,7,1,3,0
7612,0,66,0,10,3,1,0
7613,80,0,1,7,2,1,1
7614,7,0,1,8,1,1,2
7615,11,0,1,7,1,2,1
7616,66,0,1,4,1,1,2
7617,24,0,1,10,3,0,1
7618,14,0,1,5,2,2,0
7619,47,0,1,3,1,1,2
7620,68,0,1,2,1,1,2
7621,12,0,1,11,2,2,0
7622,7,0,1,8,1,1,2
7623,0,63,0,8,1,1,2
7624,8,0,1,6,2,2,0
7625,0,80,0,3,1,1,2
7626,0,80,0,8,1,1,2
7627,23,0,1,11,1,2,1
7628,0,11,0,5,1,1,2
7629,0,15,0,10,2,0,2
7630,80,0,1,3,1,2,1
7631,80,0,1,9,3,0,1
7632,2,0,1,3,2,2,0
7633,0,68,0,5,1,2,1
7634,0,27,0,5,1,2,1
7635,2,0,1,5,2,2,0
7636,4,0,1,6,2,2,0
7637,11,0,1,14,1,1,2
7638,75,0,1,3,4,0,0
7639,45,0,1,8,1,1,2
7640,3,0,1,12,2,1,1
7641,8,0,1,8,1,1,2
7642,35,0,1,2,1,2,1
7643,0,10,0,8,1,1,2
7644,0,11,0,4,2,1,1
7645,80,0,1,3,1,2,1
7646,0,65,0,3,1,1,2
7647,0,26,0,7,1,2,1
7648,7,0,1,3,1,2,1
7649,12,0,1,6,2,2,0
7650,0,80,0,1,1,1,2
7651,16,0,1,4,1,2,1
7652,0,14,0,4,2,1,1
7653,37,0,1,5,1,1,2
7654,47,0,1,13,1,2,1
7655,0,80,0,3,2,1,1
7656,80,0,1,6,1,2,1
7657,0,80,0,2,1,1,2
7658,0,70,0,12,3,0,1
7659,2,0,1,10,2,1,0
7660,0,2,0,11,1,2,1
7661,0,80,0,6,1,1,2
7662,80,0,1,7,1,1,2
7663,0,80,0,6,1,1,2
7664,7,0,1,11,2,0,2
7665,2,0,1,5,3,0,1
7666,0,25,0,3,2,0,2
7667,45,0,1,1,1,2,1
7668,0,78,0,4,1,2,1
7669,20,0,1,8,2,0,2
7670,21,0,1,3,2,0,2
7671,11,0,1,6,2,0,2
7672,64,0,1,1,1,1,2
7673,18,0,1,3,2,2,0
7674,2,0,1,10,3,1,0
7675,0,28,0,9,1,2,1
7676,0,69,0,5,1,1,2
7677,0,29,0,8,1,1,1
7678,0,38,0,4,1,1,2
7679,0,57,0,8,1,1,2
7680,0,61,0,4,2,2,0
7681,0,13,0,10,2,1,1
7682,6,0,1,4,2,1,1
7683,54,0,1,9,1,2,1
7684,12,0,1,4,2,0,2
7685,40,0,1,3,1,3,0
7686,26,0,1,4,1,1,2
7687,2,0,1,18,1,1,2
7688,0,80,0,3,1,1,1
7689,0,80,0,7,2,0,2
7690,8,0,1,6,1,3,0
7691,0,15,0,8,1,2,0
7692,0,33,0,5,2,1,1
7693,0,20,0,5,2,0,2
7694,0,10,0,9,1,2,1
7695,2,0,1,6,1,3,0
7696,0,30,0,3,1,2,1
7697,0,51,0,7,2,1,1
7698,80,0,1,4,1,2,1
7699,0,80,0,3,1,1,2
7700,3,0,1,7,1,1,2
7701,0,19,0,12,2,0,2
7702,4,0,1,6,1,2,1
7703,3,0,1,4,1,2,1
7704,4,0,1,3,1,1,2
7705,0,44,0,12,1,3,0
7706,69,0,1,2,1,2,1
7707,0,73,0,2,2,1,1
7708,71,0,1,5,2,2,0
7709,0,18,0,6,2,1,1
7710,12,0,1,4,1,2,0
7711,0,66,0,10,3,0,1
7712,0,18,0,6,1,2,1
7713,0,57,0,5,1,2,1
7714,0,49,0,7,1,2,1
7715,35,0,1,11,2,1,1
7716,7,0,1,15,1,2,1
7717,48,0,1,6,1,2,1
7718,4,0,1,8,1,2,1
7719,44,0,1,2,1,1,2
7720,16,0,1,13,1,1,2
7721,0,80,0,8,1,2,1
7722,0,22,0,10,2,0,2
7723,53,0,1,5,2,2,0
7724,0,31,0,6,2,1,1
7725,7,0,1,12,1,2,1
7726,31,0,1,7,1,2,1
7727,72,0,1,7,1,3,0
7728,0,80,0,4,2,1,1
7729,48,0,1,9,1,2,1
7730,0,24,0,10,1,2,1
7731,64,0,1,16,2,1,0
7732,20,0,1,16,2,0,2
7733,30,0,1,7,1,2,1
7734,73,0,1,8,1,1,2
7735,0,68,0,8,1,2,1
7736,23,0,1,10,2,0,2
7737,57,0,1,3,1,1,2
7738,23,0,1,6,1,2,1
7739,2,0,1,5,1,2,1
7740,65,0,1,3,1,1,2
7741,0,41,0,3,2,2,0
7742,3,0,1,6,2,1,1
7743,0,80,0,4,1,2,1
7744,49,0,1,3,1,2,1
7745,0,80,0,4,2,0,2
7746,17,0,1,4,2,2,0
7747,74,0,1,5,1,3,0
7748,0,80,0,6,1,1,2
7749,80,0,1,5,2,1,1
7750,0,24,0,9,2,1,1
7751,0,5,0,18,2,0,2
7752,0,80,0,11,2,1,1
7753,0,47,0,16,1,1,2
7754,74,0,1,2,1,1,2
7755,0,5,0,10,1,1,2
7756,0,80,0,3,1,2,1
7757,0,80,0,2,1,1,1
7758,0,74,0,4,2,1,1
7759,4,0,1,19,2,1,1
7760,17,0,1,6,2,1,1
7761,26,0,1,8,2,2,0
7762,15,0,1,8,1,3,0
7763,0,78,0,8,2,0,2
7764,4,0,1,7,2,2,0
7765,0,53,0,19,3,1,0
7766,11,0,1,7,2,1,1
7767,0,18,0,11,1,2,1
7768,27,0,1,7,1,2,1
7769,19,0,1,10,1,1,2
7770,80,0,1,3,2,2,0
7771,0,80,0,9,1,1,2
7772,0,53,0,11,2,1,1
7773,56,0,1,8,1,1,2
7774,2,0,1,14,1,2,1
7775,65,0,1,4,2,0,2
7776,0,2,0,5,1,1,2
7777,0,2,0,9,2,1,1
7778,0,25,0,8,2,1,1
7779,41,0,1,8,2,1,1
7780,80,0,1,6,2,1,1
7781,5,0,1,17,2,0,2
7782,0,80,0,2,2,1,1
7783,0,66,0,2,2,1,1
7784,2,0,1,13,1,1,2
7785,2,0,1,11,3,0,1
7786,42,0,1,3,2,1,1
7787,0,5,0,8,2,1,1
7788,0,80,0,3,1,1,2
7789,0,26,0,4,2,1,0
7790,4,0,1,13,2,0,2
7791,43,0,1,5,1,1,2
7792,6,0,1,10,3,0,1
7793,15,0,1,10,1,2,1
7794,6,0,1,14,1,2,1
7795,54,0,1,10,1,1,2
7796,10,0,1,6,3,1,0
7797,2,0,1,7,1,1,2
7798,0,11,0,8,1,2,1
7799,27,0,1,6,1,1,2
7800,0,80,0,5,1,1,2
7801,0,20,0,3,2,0,2
7802,2,0,1,8,3,0,1
7803,80,0,1,6,2,1,1
7804,73,0,1,8,2,2,0
7805,52,0,1,12,1,1,2
7806,18,0,1,6,2,1,1
7807,0,17,0,2,2,2,0
7808,0,21,0,6,3,1,0
7809,13,0,1,7,1,1,2
7810,80,0,1,4,1,2,1
7811,0,72,0,0,1,1,2
7812,0,20,0,13,3,1,0
7813,0,46,0,7,1,1,2
7814,10,0,1,16,3,0,1
7815,0,11,0,9,1,2,1
7816,0,80,0,2,1,3,0
7817,11,0,1,6,2,1,1
7818,0,2,0,10,1,1,2
7819,80,0,1,3,1,1,2
7820,3,0,1,18,1,2,1
7821,0,80,0,4,1,1,2
7822,63,0,1,1,1,2,1
7823,0,12,0,7,2,1,1
7824,0,5,0,4,2,1,1
7825,0,20,0,3,2,1,1
7826,0,59,0,6,1,1,2
7827,12,0,1,6,2,0,2
7828,0,3,0,8,2,1,1
7829,0,40,0,10,1,2,1
7830,80,0,1,9,2,1,1
7831,10,0,1,7,1,1,2
7832,0,30,0,5,1,2,1
7833,59,0,1,3,1,2,1
7834,0,5,0,12,3,0,1
7835,60,0,1,5,2,0,2
7836,7,0,1,7,1,3,0
7837,80,0,1,7,1,1,2
7838,16,0,1,3,1,1,2
7839,17,0,1,12,1,1,2
7840,0,80,0,2,2,1,1
7841,7,0,1,8,1,2,1
7842,12,0,1,5,2,0,2
7843,43,0,1,4,2,1,1
7844,0,20,0,4,3,0,1
7845,15,0,1,6,1,2,1
7846,2,0,1,9,2,2,0
7847,0,10,0,8,1,2,1
7848,0,80,0,10,2,0,2
7849,0,13,0,7,1,1,2
7850,0,80,0,9,1,2,1
7851,0,9,0,3,1,1,2
7852,14,0,1,2,1,1,2
7853,80,0,1,7,1,1,2
7854,0,42,0,5,1,2,1
7855,36,0,1,4,1,1,2
7856,0,75,0,4,1,2,1
7857,3,0,1,8,2,1,1
7858,0,20,0,11,1,1,2
7859,0,80,0,3,1,1,2
7860,8,0,1,8,4,0,0
7861,4,0,1,11,3,1,0
7862,26,0,1,5,2,1,1
7863,49,0,1,2,1,1,2
7864,8,0,1,14,1,3,0
7865,70,0,1,2,2,1,1
7866,2,0,1,9,1,1,2
7867,80,0,1,8,2,1,1
7868,32,0,1,6,2,2,0
7869,0,71,0,5,3,1,0
7870,0,17,0,4,1,1,2
7871,63,0,1,5,2,0,2
7872,10,0,1,7,1,1,2
7873,2,0,1,12,1,1,2
7874,80,0,1,7,1,1,2
7875,2,0,1,8,2,1,1
7876,0,5,0,9,1,1,2
7877,0,80,0,6,2,1,1
7878,80,0,1,4,1,2,1
7879,0,21,0,2,2,1,1
7880,0,23,0,4,1,1,2
7881,0,69,0,2,2,0,2
7882,18,0,1,12,1,2,1
7883,18,0,1,7,1,2,1
7884,9,0,1,10,2,0,2
7885,0,60,0,9,2,0,2
7886,0,42,0,8,2,1,1
7887,53,0,1,5,1,2,1
7888,0,25,0,4,1,1,2
7889,14,0,1,10,1,2,1
7890,50,0,1,4,1,1,2
7891,0,46,0,2,2,1,1
7892,32,0,1,5,2,1,0
7893,0,10,0,16,3,0,1
7894,25,0,1,7,1,1,2
7895,0,8,0,7,1,1,2
7896,32,0,1,6,1,1,2
7897,0,76,0,7,1,1,2
7898,0,51,0,8,2,1,1
7899,16,0,1,12,3,0,1
7900,50,0,1,6,2,2,0
7901,0,28,0,3,3,1,0
7902,7,0,1,6,1,1,2
7903,20,0,1,10,3,1,0
7904,7,0,1,9,1,2,1
7905,0,67,0,9,1,1,2
7906,79,0,1,5,2,1,1
7907,8,0,1,10,1,2,1
7908,3,0,1,15,2,0,2
7909,0,80,0,9,2,1,1
7910,0,53,0,7,2,0,2
7911,0,14,0,5,1,1,2
7912,80,0,1,8,1,2,1
7913,2,0,1,11,2,1,1
7914,36,0,1,6,1,2,1
7915,77,0,1,16,1,1,2
7916,50,0,1,9,1,2,1
7917,53,0,1,4,3,1,0
7918,0,2,0,11,1,1,2
7919,0,21,0,6,3,1,0
7920,0,33,0,7,2,1,1
7921,2,0,1,10,1,1,2
7922,13,0,1,4,1,1,2
7923,0,19,0,6,1,1,2
7924,0,16,0,8,1,2,1
7925,2,0,1,5,1,1,2
7926,61,0,1,4,1,2,1
7927,0,25,0,7,1,3,0
7928,80,0,1,1,2,1,1
7929,0,65,0,2,1,1,2
7930,4,0,1,6,1,1,2
7931,80,0,1,4,1,1,2
7932,4,0,1,7,1,2,1
7933,2,0,1,10,1,1,2
7934,0,24,0,4,1,2,1
7935,6,0,1,9,1,2,1
7936,42,0,1,5,2,0,2
7937,4,0,1,3,2,1,1
7938,0,80,0,6,2,0,2
7939,11,0,1,11,2,2,0
7940,0,27,0,7,1,1,2
7941,80,0,1,7,1,1,2
7942,80,0,1,4,1,1,2
7943,13,0,1,10,1,1,2
7944,52,0,1,5,1,1,2
7945,0,6,0,19,3,0,1
7946,0,2,0,10,2,0,2
7947,7,0,1,7,2,1,1
7948,3,0,1,10,1,1,2
7949,0,80,0,6,2,1,1
7950,0,11,0,10,3,1,0
7951,0,61,0,10,3,1,0
7952,44,0,1,12,3,0,1
7953,0,80,0,8,2,1,1
7954,70,0,1,5,2,0,2
7955,17,0,1,4,1,1,2
7956,0,80,0,3,1,2,1
7957,0,22,0,5,1,2,1
7958,0,63,0,10,1,1,2
7959,0,57,0,2,2,1,1
7960,0,40,0,5,2,0,2
7961,14,0,1,6,2,1,1
7962,4,0,1,5,1,1,2
7963,0,47,0,14,3,1,0
7964,0,72,0,12,1,1,2
7965,13,0,1,6,2,2,0
7966,16,0,1,4,2,1,0
7967,10,0,1,5,1,2,1
7968,0,6,0,10,3,0,1
7969,0,80,0,2,1,1,2
7970,80,0,1,4,2,0,2
7971,13,0,1,3,2,2,0
7972,3,0,1,6,1,2,1
7973,0,69,0,5,1,3,0
7974,10,0,1,13,1,1,2
7975,0,8,0,7,3,0,1
7976,80,0,1,8,2,1,1
7977,0,9,0,9,1,2,1
7978,0,41,0,5,3,1,0
7979,0,78,0,1,1,2,1
7980,0,74,0,3,2,2,0
7981,0,20,0,10,1,2,1
7982,0,80,0,4,2,2,0
7983,10,0,1,3,2,2,0
7984,80,0,1,5,2,1,1
7985,68,0,1,9,1,1,2
7986,6,0,1,5,2,1,1
7987,69,0,1,2,1,3,0
7988,24,0,1,7,2,0,2
7989,80,0,1,5,1,1,2
7990,0,77,0,5,1,1,2
7991,12,0,1,10,1,2,1
7992,15,0,1,6,1,2,0
7993,15,0,1,9,2,2,0
7994,80,0,1,4,1,2,1
7995,39,0,1,6,2,2,0
7996,30,0,1,8,1,1,2
7997,0,25,0,3,2,1,1
7998,60,0,1,6,1,1,2
7999,0,13,0,8,1,3,0
8000,43,0,1,3,1,2,1
8001,38,0,1,4,1,3,0
8002,14,0,1,9,1,1,2
8003,80,0,1,4,2,1,1
8004,72,0,1,2,2,1,1
8005,0,80,0,1,1,2,1
8006,0,75,0,17,1,1,2
8007,27,0,1,8,1,2,1
8008,2,0,1,4,1,1,2
8009,46,0,1,11,2,1,1
8010,2,0,1,4,2,0,2
8011,55,0,1,4,1,1,2
8012,10,0,1,10,1,1,2
8013,0,52,0,3,1,2,1
8014,0,17,0,14,2,1,1
8015,0,80,0,1,1,1,2
8016,0,12,0,8,2,1,1
8017,42,0,1,7,1,1,2
8018,16,0,1,3,2,1,1
8019,0,80,0,4,2,1,1
8020,0,40,0,3,1,1,2
8021,46,0,1,11,2,1,1
8022,8,0,1,5,1,3,0
8023,0,16,0,5,1,2,1
8024,2,0,1,5,1,2,1
8025,0,74,0,5,1,1,2
8026,5,0,1,6,2,1,1
8027,0,33,0,6,2,1,1
8028,78,0,1,5,2,2,0
8029,19,0,1,7,2,1,1
8030,57,0,1,4,2,1,1
8031,18,0,1,8,1,1,2
8032,0,80,0,2,3,1,0
8033,7,0,1,5,1,1,2
8034,0,80,0,3,3,1,0
8035,0,34,0,8,2,1,1
8036,0,80,0,3,1,1,2
8037,5,0,1,14,2,2,0
8038,80,0,1,9,1,2,1
8039,0,6,0,17,2,2,0
8040,0,80,0,0,1,1,2
8041,0,48,0,8,1,1,2
8042,0,18,0,7,1,2,1
8043,2,0,1,6,1,2,1
8044,0,35,0,13,2,0,2
8045,0,24,0,6,1,1,2
8046,34,0,1,5,1,3,0
8047,0,40,0,2,2,2,0
8048,0,12,0,12,1,1,2
8049,0,21,0,5,1,1,2
8050,54,0,1,5,2,0,2
8051,7,0,1,6,1,1,2
8052,7,0,1,7,3,0,1
8053,0,69,0,7,2,0,2
8054,0,80,0,4,3,1,0
8055,0,9,0,8,1,1,2
8056,0,3,0,6,2,0,2
8057,68,0,1,6,1,2,1
8058,72,0,1,4,1,2,1
8059,7,0,1,8,2,1,1
8060,0,80,0,11,1,2,1
8061,41,0,1,10,2,1,1
8062,15,0,1,5,1,1,2
8063,0,32,0,13,1,1,1
8064,15,0,1,3,1,2,1
8065,0,24,0,6,2,1,1
8066,5,0,1,7,1,2,1
8067,4,0,1,6,2,1,1
8068,0,15,0,9,2,1,1
8069,0,80,0,6,1,1,2
8070,10,0,1,6,1,1,2
8071,37,0,1,8,1,2,1
8072,0,16,0,10,2,1,1
8073,0,21,0,5,2,0,2
8074,0,12,0,8,1,2,1
8075,25,0,1,5,1,2,1
8076,0,17,0,8,1,1,2
8077,80,0,1,6,1,1,2
8078,55,0,1,7,1,2,1
8079,80,0,1,6,2,2,0
8080,0,55,0,8,1,2,1
8081,18,0,1,3,1,1,2
8082,0,35,0,10,2,0,2
8083,76,0,1,4,1,1,2
8084,0,72,0,10,1,1,2
8085,4,0,1,8,2,1,1
8086,42,0,1,10,2,1,1
8087,3,0,1,7,1,2,1
8088,5,0,1,9,2,2,0
8089,80,0,1,4,1,1,2
8090,0,80,0,14,2,0,2
8091,0,80,0,4,2,1,1
8092,0,21,0,4,1,1,2
8093,64,0,1,5,2,1,1
8094,14,0,1,11,3,0,1
8095,25,0,1,4,2,2,0
8096,0,14,0,4,1,2,1
8097,0,14,0,11,1,1,2
8098,54,0,1,8,1,1,2
8099,0,8,0,7,2,0,2
8100,80,0,1,7,2,2,0
8101,80,0,1,4,2,1,1
8102,0,27,0,5,2,1,1
8103,0,80,0,4,2,1,1
8104,6,0,1,4,2,1,1
8105,13,0,1,6,2,0,2
8106,42,0,1,9,2,1,1
8107,57,0,1,6,1,1,2
8108,9,0,1,4,1,1,2
8109,55,0,1,7,1,3,0
8110,67,0,1,5,1,1,2
8111,0,28,0,2,1,2,1
8112,0,73,0,2,2,0,2
8113,0,30,0,4,1,1,2
8114,0,71,0,9,1,2,1
8115,0,22,0,2,1,1,2
8116,21,0,1,5,2,1,1
8117,80,0,1,3,1,1,2
8118,24,0,1,5,1,1,2
8119,0,36,0,3,1,2,1
8120,0,80,0,0,1,2,1
8121,51,0,1,10,2,2,0
8122,34,0,1,5,1,2,1
8123,0,22,0,2,1,1,2
8124,12,0,1,8,1,1,2
8125,54,0,1,4,1,2,1
8126,0,42,0,10,1,1,2
8127,0,62,0,10,1,1,2
8128,0,74,0,4,1,1,2
8129,0,60,0,7,2,1,1
8130,31,0,1,5,1,2,1
8131,0,25,0,7,3,1,0
8132,0,4,0,11,1,1,2
8133,56,0,1,5,1,1,2
8134,0,35,0,3,1,1,2
8135,0,80,0,4,1,1,2
8136,0,57,0,3,1,1,2
8137,9,0,1,13,2,1,1
8138,0,80,0,6,2,0,2
8139,2,0,1,13,1,1,2
8140,0,65,0,5,2,2,0
8141,80,0,1,11,1,2,1
8142,0,4,0,2,2,0,2
8143,0,74,0,4,1,3,0
8144,80,0,1,7,1,1,2
8145,2,0,1,5,1,3,0
8146,0,10,0,15,1,2,1
8147,71,0,1,2,1,1,2
8148,11,0,1,7,3,0,1
8149,67,0,1,11,1,3,0
8150,0,14,0,8,1,1,2
8151,0,11,0,9,2,0,2
8152,0,34,0,26,1,2,1
8153,0,71,0,6,2,1,1
8154,18,0,1,2,2,1,1
8155,53,0,1,7,1,1,2
8156,39,0,1,7,1,1,2
8157,0,64,0,5,1,2,1
8158,54,0,1,4,1,1,2
8159,21,0,1,4,1,1,2
8160,0,75,0,3,2,2,0
8161,80,0,1,5,1,1,2
8162,30,0,1,6,2,2,0
8163,0,80,0,1,1,2,1
8164,52,0,1,12,2,0,2
8165,0,25,0,1,1,1,2
8166,14,0,1,6,2,1,1
8167,0,14,0,5,1,2,1
8168,0,80,0,10,3,0,1
8169,73,0,1,5,2,1,1
8170,0,78,0,2,2,1,1
8171,0,59,0,9,2,0,2
8172,2,0,1,5,1,1,2
8173,0,50,0,4,2,1,1
8174,0,80,0,2,2,0,2
8175,40,0,1,5,1,1,2
8176,0,34,0,7,2,0,2
8177,23,0,1,5,1,2,1
8178,80,0,1,5,1,2,1
8179,10,0,1,1,3,1,0
8180,44,0,1,7,1,3,0
8181,80,0,1,2,1,1,2
8182,0,39,0,17,1,2,1
8183,5,0,1,14,2,1,1
8184,0,80,0,6,2,1,1
8185,13,0,1,7,1,1,2
8186,67,0,1,4,1,1,2
8187,13,0,1,14,4,0,0
8188,38,0,1,4,2,1,1
8189,50,0,1,6,2,1,1
8190,0,26,0,10,1,1,2
8191,0,19,0,13,1,3,0
8192,0,26,0,8,2,0,2
8193,17,0,1,4,2,1,1
8194,0,50,0,3,1,1,2
8195,51,0,1,14,2,1,1
8196,0,14,0,7,1,2,1
8197,0,80,0,4,1,2,0
8198,4,0,1,11,1,1,2
8199,73,0,1,5,1,1,2
8200,0,17,0,6,2,1,1
8201,2,0,1,15,2,1,1
8202,10,0,1,4,1,2,1
8203,30,0,1,14,1,2,1
8204,5,0,1,10,1,2,1
8205,2,0,1,12,1,1,2
8206,0,70,0,5,1,1,2
8207,0,71,0,8,1,1,2
8208,0,69,0,4,1,1,2
8209,42,0,1,15,1,1,2
8210,0,68,0,3,2,1,1
8211,18,0,1,7,1,1,2
8212,17,0,1,12,1,2,1
8213,0,14,0,16,1,2,1
8214,80,0,1,4,1,1,2
8215,2,0,1,9,2,1,1
8216,0,73,0,2,2,2,0
8217,0,23,0,9,1,1,2
8218,0,11,0,5,3,0,1
8219,50,0,1,13,1,1,2
8220,0,7,0,6,2,0,2
8221,0,80,0,3,1,1,2
8222,57,0,1,8,2,0,2
8223,23,0,1,9,1,3,0
8224,4,0,1,6,1,1,2
8225,0,2,0,7,1,2,1
8226,0,49,0,5,2,1,1
8227,0,11,0,6,1,2,1
8228,9,0,1,4,1,1,2
8229,3,0,1,8,1,1,2
8230,7,0,1,10,1,1,2
8231,0,4,0,6,1,2,1
8232,3,0,1,11,1,3,0
8233,0,61,0,2,3,1,0
8234,0,80,0,1,1,2,1
8235,0,7,0,10,2,0,2
8236,80,0,1,3,1,1,2
8237,5,0,1,9,2,0,2
8238,0,28,0,11,1,1,2
8239,3,0,1,6,2,1,1
8240,3,0,1,10,2,1,1
8241,13,0,1,5,2,0,2
8242,12,0,1,11,1,2,1
8243,0,63,0,13,2,0,2
8244,42,0,1,6,1,2,1
8245,0,10,0,10,2,1,1
8246,16,0,1,6,2,2,0
8247,0,26,0,7,1,1,2
8248,0,14,0,15,2,0,2
8249,0,24,0,11,3,1,0
8250,0,53,0,11,1,2,0
8251,0,37,0,6,1,1,2
8252,80,0,1,1,1,1,2
8253,0,57,0,0,1,1,2
8254,80,0,1,4,1,1,2
8255,14,0,1,9,3,0,0
8256,0,3,0,10,1,2,1
8257,0,53,0,10,1,1,2
8258,60,0,1,6,2,1,1
8259,79,0,1,4,1,1,2
8260,60,0,1,2,1,1,2
8261,12,0,1,14,1,1,2
8262,11,0,1,5,1,1,2
8263,0,6,0,4,1,1,2
8264,12,0,1,3,1,1,2
8265,18,0,1,4,1,1,2
8266,4,0,1,21,1,2,1
8267,0,12,0,5,3,1,0
8268,0,19,0,6,2,1,1
8269,0,80,0,2,2,1,1
8270,33,0,1,13,1,1,2
8271,0,76,0,5,1,2,1
8272,18,0,1,13,2,0,2
8273,0,49,0,8,1,2,1
8274,0,18,0,8,1,2,1
8275,9,0,1,4,1,3,0
8276,64,0,1,1,1,3,0
8277,0,74,0,2,2,0,2
8278,80,0,1,3,1,2,1
8279,0,10,0,5,2,0,2
8280,80,0,1,4,2,1,1
8281,0,5,0,5,1,2,1
8282,0,70,0,5,1,1,2
8283,0,27,0,14,1,1,2
8284,2,0,1,3,1,2,1
8285,0,80,0,6,1,2,1
8286,0,3,0,6,1,1,2
8287,0,63,0,5,1,1,2
8288,4,0,1,7,1,2,1
8289,80,0,1,6,1,1,2
8290,26,0,1,7,1,1,2
8291,0,80,0,5,3,1,0
8292,16,0,1,5,1,2,1
8293,0,18,0,5,1,1,2
8294,12,0,1,9,1,1,2
8295,66,0,1,9,1,1,2
8296,0,80,0,2,1,2,1
8297,71,0,1,3,1,2,1
8298,80,0,1,7,2,1,1
8299,80,0,1,7,3,0,1
8300,4,0,1,8,2,1,1
8301,16,0,1,1,1,1,2
8302,0,2,0,6,1,1,2
8303,60,0,1,3,2,2,0
8304,0,28,0,4,1,2,1
8305,36,0,1,10,3,1,0
8306,0,69,0,8,1,1,2
8307,5,0,1,8,2,1,1
8308,3,0,1,7,2,0,2
8309,13,0,1,3,1,2,1
8310,10,0,1,5,1,2,1
8311,74,0,1,1,1,1,2
8312,0,74,0,3,1,3,0
8313,0,80,0,3,1,1,2
8314,54,0,1,9,2,0,2
8315,80,0,1,6,2,0,2
8316,0,80,0,4,1,2,1
8317,0,56,0,9,2,1,1
8318,0,49,0,2,1,2,1
8319,2,0,1,4,1,2,1
8320,15,0,1,6,1,2,1
8321,72,0,1,4,1,1,2
8322,0,10,0,4,1,1,2
8323,0,70,0,10,3,1,0
8324,0,79,0,14,2,0,2
8325,0,33,0,4,1,2,1
8326,46,0,1,5,2,1,1
8327,19,0,1,3,2,1,1
8328,0,80,0,3,2,0,2
8329,0,70,0,1,1,2,1
8330,80,0,1,3,1,2,1
8331,80,0,1,9,1,2,1
8332,16,0,1,10,2,1,1
8333,0,17,0,8,1,1,2
8334,0,5,0,10,1,1,2
8335,0,20,0,12,2,1,1
8336,0,8,0,5,1,2,1
8337,2,0,1,9,2,1,1
8338,0,80,0,5,2,1,1
8339,66,0,1,4,1,3,0
8340,71,0,1,4,1,1,2
8341,18,0,1,9,2,2,0
8342,0,6,0,6,2,0,2
8343,4,0,1,4,2,2,0
8344,22,0,1,5,2,2,0
8345,72,0,1,4,1,1,2
8346,4,0,1,8,2,0,2
8347,3,0,1,11,1,1,2
8348,80,0,1,2,1,2,1
8349,9,0,1,3,1,1,2
8350,0,80,0,6,1,2,1
8351,0,80,0,13,2,1,1
8352,13,0,1,3,1,1,2
8353,2,0,1,8,1,2,1
8354,0,76,0,7,3,1,0
8355,0,26,0,5,2,1,1
8356,6,0,1,10,2,1,1
8357,3,0,1,7,3,0,1
8358,0,80,0,7,1,2,1
8359,0,7,0,7,3,1,0
8360,0,80,0,3,1,2,1
8361,25,0,1,10,2,1,1
8362,0,25,0,9,2,0,2
8363,80,0,1,17,1,3,0
8364,16,0,1,7,2,1,1
8365,18,0,1,5,2,2,0
8366,21,0,1,7,1,2,1
8367,43,0,1,9,1,2,1
8368,0,4,0,4,1,2,1
8369,0,41,0,2,1,3,0
8370,0,4,0,4,1,1,2
8371,0,7,0,13,1,1,2
8372,2,0,1,7,1,1,2
8373,2,0,1,9,1,1,2
8374,65,0,1,11,2,0,2
8375,0,31,0,9,1,2,1
8376,6,0,1,11,1,1,2
8377,0,78,0,13,1,1,2
8378,0,23,0,11,1,3,0
8379,21,0,1,2,2,0,2
8380,0,72,0,2,1,1,2
8381,70,0,1,5,2,1,1
8382,80,0,1,11,1,1,2
8383,21,0,1,2,1,2,1
8384,7,0,1,7,2,1,1
8385,0,39,0,0,1,2,1
8386,5,0,1,14,1,1,2
8387,0,16,0,2,1,2,1
8388,0,14,0,6,3,1,0
8389,11,0,1,5,1,2,1
8390,0,38,0,7,1,1,2
8391,53,0,1,7,1,3,0
8392,19,0,1,3,1,2,0
8393,0,6,0,8,1,1,2
8394,0,63,0,4,2,2,0
8395,50,0,1,3,3,0,1
8396,0,56,0,10,2,1,1
8397,70,0,1,10,1,1,2
8398,5,0,1,11,2,1,1
8399,53,0,1,8,1,2,1
8400,0,54,0,22,2,0,2
8401,0,7,0,6,1,2,1
8402,0,5,0,6,2,1,1
8403,80,0,1,8,2,1,1
8404,5,0,1,10,2,2,0
8405,3,0,1,10,1,1,2
8406,4,0,1,8,2,2,0
8407,0,23,0,14,2,0,2
8408,0,11,0,7,3,1,0
8409,0,28,0,4,2,0,2
8410,0,73,0,3,2,1,1
8411,0,80,0,2,1,2,1
8412,4,0,1,9,1,2,1
8413,47,0,1,5,2,1,1
8414,4,0,1,16,2,1,1
8415,39,0,1,4,2,1,1
8416,2,0,1,11,1,1,1
8417,0,56,0,9,1,1,2
8418,4,0,1,8,2,0,2
8419,0,80,0,3,3,0,1
8420,2,0,1,7,1,2,1
8421,0,53,0,11,2,1,1
8422,80,0,1,3,1,2,1
8423,80,0,1,6,2,2,0
8424,20,0,1,3,1,1,2
8425,0,69,0,5,1,1,2
8426,17,0,1,9,2,1,1
8427,18,0,1,5,1,2,1
8428,0,80,0,1,1,2,1
8429,0,80,0,5,1,2,1
8430,67,0,1,3,1,3,0
8431,32,0,1,4,1,1,2
8432,5,0,1,10,1,3,0
8433,11,0,1,8,1,2,1
8434,0,77,0,6,1,1,2
8435,63,0,1,4,2,1,1
8436,29,0,1,10,1,1,2
8437,0,80,0,3,2,2,0
8438,0,80,0,7,2,1,1
8439,27,0,1,4,1,1,2
8440,80,0,1,3,1,1,2
8441,0,14,0,8,1,1,2
8442,19,0,1,11,1,2,1
8443,0,75,0,0,1,2,1
8444,0,80,0,1,1,3,0
8445,3,0,1,7,1,2,1
8446,0,39,0,5,2,1,1
8447,0,5,0,8,1,1,2
8448,0,5,0,9,1,1,2
8449,0,22,0,4,1,2,1
8450,0,53,0,8,2,0,2
8451,0,10,0,9,1,1,2
8452,80,0,1,3,1,2,1
8453,53,0,1,4,1,1,2
8454,5,0,1,9,1,1,2
8455,80,0,1,3,1,2,1
8456,0,16,0,16,1,1,2
8457,30,0,1,9,1,1,2
8458,0,80,0,3,1,3,0
8459,19,0,1,4,2,1,1
8460,5,0,1,9,2,1,1
8461,0,10,0,6,1,2,1
8462,0,7,0,9,3,0,1
8463,13,0,1,13,1,2,1
8464,0,7,0,8,1,1,1
8465,18,0,1,8,1,2,1
8466,0,4,0,10,1,1,2
8467,80,0,1,1,1,3,0
8468,35,0,1,17,1,2,1
8469,0,80,0,2,1,1,2
8470,0,80,0,13,1,3,0
8471,0,69,0,9,3,0,1
8472,7,0,1,4,3,1,0
8473,0,80,0,5,1,1,2
8474,19,0,1,9,2,2,0
8475,10,0,1,13,1,2,1
8476,0,23,0,4,1,1,2
8477,0,18,0,12,2,0,2
8478,0,3,0,7,2,0,2
8479,17,0,1,7,1,1,2
8480,0,80,0,5,4,0,0
8481,2,0,1,6,2,2,0
8482,0,54,0,4,3,1,0
8483,22,0,1,4,1,1,2
8484,2,0,1,5,2,1,1
8485,0,80,0,3,2,1,1
8486,26,0,1,8,1,1,2
8487,0,80,0,7,2,0,2
8488,32,0,1,3,2,2,0
8489,35,0,1,10,1,1,2
8490,17,0,1,3,2,1,1
8491,0,80,0,4,1,1,2
8492,72,0,1,7,1,1,2
8493,0,70,0,4,1,2,1
8494,41,0,1,5,1,2,1
8495,0,76,0,2,1,1,2
8496,0,73,0,7,3,0,1
8497,60,0,1,5,1,1,2
8498,0,12,0,9,2,1,1
8499,0,41,0,5,2,1,1
8500,0,80,0,1,1,1,2
8501,0,4,0,9,2,2,0
8502,0,42,0,10,1,1,2
8503,80,0,1,13,2,0,2
8504,70,0,1,7,2,2,0
8505,52,0,1,14,2,0,2
8506,0,20,0,4,1,1,2
8507,0,31,0,10,2,1,1
8508,80,0,1,7,1,2,1
8509,0,21,0,6,3,0,1
8510,0,9,0,2,2,0,2
8511,66,0,1,2,1,2,0
8512,61,0,1,7,1,1,2
8513,4,0,1,10,1,2,1
8514,0,13,0,13,1,1,2
8515,11,0,1,9,2,0,2
8516,0,80,0,4,1,2,1
8517,80,0,1,3,1,2,1
8518,59,0,1,5,1,1,2
8519,80,0,1,7,2,1,1
8520,6,0,1,14,2,1,1
8521,80,0,1,4,1,2,1
8522,4,0,1,12,1,2,1
8523,27,0,1,3,1,1,2
8524,0,37,0,8,3,1,0
8525,0,24,0,9,1,1,2
8526,3,0,1,9,1,1,2
8527,15,0,1,6,2,1,1
8528,0,39,0,4,2,1,1
8529,0,80,0,6,3,1,0
8530,5,0,1,9,3,1,0
8531,80,0,1,6,3,1,0
8532,48,0,1,6,1,2,1
8533,0,42,0,5,2,0,2
8534,0,6,0,10,1,2,1
8535,19,0,1,4,1,2,1
8536,0,21,0,6,1,1,2
8537,7,0,1,11,1,3,0
8538,0,79,0,4,2,1,1
8539,0,47,0,11,1,2,1
8540,0,9,0,8,2,0,2
8541,0,73,0,7,1,1,2
8542,0,77,0,4,2,1,1
8543,0,16,0,18,1,1,2
8544,0,80,0,1,1,2,1
8545,80,0,1,8,3,0,1
8546,2,0,1,6,1,2,1
8547,0,27,0,5,3,0,1
8548,0,71,0,0,2,1,1
8549,12,0,1,9,2,0,2
8550,63,0,1,4,1,2,1
8551,0,54,0,3,1,2,1
8552,61,0,1,7,2,0,2
8553,80,0,1,3,1,1,2
8554,7,0,1,9,1,1,2
8555,0,15,0,11,2,0,2
8556,12,0,1,16,1,1,2
8557,11,0,1,10,1,1,2
8558,0,27,0,5,1,1,2
8559,25,0,1,9,2,2,0
8560,31,0,1,8,2,1,1
8561,0,56,0,10,1,1,2
8562,0,74,0,9,2,0,2
8563,0,80,0,2,2,1,1
8564,0,16,0,6,2,1,1
8565,0,5,0,13,1,1,2
8566,2,0,1,17,1,1,2
8567,0,78,0,3,1,1,2
8568,0,2,0,14,1,1,2
8569,60,0,1,5,2,1,1
8570,19,0,1,2,1,1,2
8571,0,27,0,6,3,1,0
8572,80,0,1,6,1,1,2
8573,0,80,0,4,2,0,2
8574,0,71,0,13,2,0,2
8575,15,0,1,3,1,2,1
8576,12,0,1,5,1,1,2
8577,0,80,0,11,1,1,2
8578,80,0,1,6,2,0,2
8579,6,0,1,10,2,1,1
8580,0,80,0,4,1,1,2
8581,23,0,1,3,2,2,0
8582,0,80,0,8,1,3,0
8583,0,14,0,13,1,1,2
8584,17,0,1,14,2,1,1
8585,0,38,0,6,2,2,0
8586,71,0,1,4,2,1,1
8587,0,80,0,6,1,1,2
8588,17,0,1,5,1,2,1
8589,0,13,0,6,1,3,0
8590,8,0,1,19,1,2,1
8591,67,0,1,5,2,1,1
8592,80,0,1,5,1,1,2
8593,0,80,0,6,2,2,0
8594,0,72,0,6,1,2,1
8595,0,10,0,9,1,1,2
8596,0,48,0,6,1,1,2
8597,0,9,0,5,1,3,0
8598,0,77,0,4,2,1,1
8599,0,10,0,6,2,2,0
8600,11,0,1,6,1,2,1
8601,80,0,1,10,1,1,2
8602,20,0,1,6,1,1,2
8603,59,0,1,8,1,1,2
8604,2,0,1,8,3,0,1
8605,6,0,1,8,1,2,1
8606,12,0,1,11,1,1,2
8607,0,80,0,8,3,1,0
8608,6,0,1,8,2,1,0
8609,4,0,1,7,1,1,2
8610,0,80,0,9,1,1,2
8611,0,80,0,7,1,1,2
8612,0,76,0,6,2,2,0
8613,0,15,0,10,1,2,0
8614,0,24,0,7,2,0,2
8615,0,6,0,11,2,1,1
8616,3,0,1,12,1,2,1
8617,0,67,0,9,1,1,2
8618,0,69,0,1,2,2,0
8619,9,0,1,15,2,1,1
8620,0,5,0,3,2,0,2
8621,16,0,1,19,1,1,2
8622,60,0,1,7,2,0,2
8623,0,47,0,8,1,2,1
8624,10,0,1,10,2,1,1
8625,70,0,1,5,1,2,1
8626,0,14,0,9,1,2,1
8627,0,71,0,7,2,2,0
8628,8,0,1,14,1,2,1
8629,80,0,1,3,1,2,1
8630,0,13,0,9,1,2,1
8631,12,0,1,2,2,1,1
8632,0,5,0,8,1,2,1
8633,11,0,1,14,1,1,2
8634,11,0,1,10,1,1,2
8635,0,23,0,5,1,2,1
8636,0,66,0,4,2,0,2
8637,0,23,0,7,1,3,0
8638,5,0,1,7,1,1,2
8639,55,0,1,5,2,0,2
8640,36,0,1,5,1,1,2
8641,12,0,1,9,3,0,1
8642,80,0,1,4,1,1,2
8643,4,0,1,5,2,0,2
8644,80,0,1,13,1,2,1
8645,24,0,1,5,3,1,0
8646,0,23,0,7,1,1,2
8647,21,0,1,14,1,2,1
8648,42,0,1,10,2,0,2
8649,0,20,0,2,1,2,1
8650,0,38,0,6,3,1,0
8651,28,0,1,6,2,0,2
8652,0,80,0,6,2,0,2
8653,0,75,0,9,3,0,0
8654,80,0,1,8,1,2,1
8655,6,0,1,10,1,2,1
8656,7,0,1,8,2,0,2
8657,80,0,1,6,2,1,1
8658,0,34,0,4,1,1,2
8659,80,0,1,3,2,1,1
8660,14,0,1,6,2,2,0
8661,5,0,1,5,2,1,1
8662,24,0,1,2,2,1,1
8663,70,0,1,6,1,1,2
8664,51,0,1,12,2,1,1
8665,5,0,1,11,2,1,1
8666,8,0,1,14,3,0,1
8667,0,5,0,11,2,1,1
8668,0,19,0,7,1,1,2
8669,0,37,0,9,2,0,2
8670,29,0,1,9,1,2,1
8671,76,0,1,7,2,2,0
8672,0,39,0,12,1,1,2
8673,3,0,1,12,1,2,1
8674,0,80,0,6,1,1,2
8675,57,0,1,8,2,0,2
8676,36,0,1,12,1,1,2
8677,50,0,1,3,2,1,1
8678,10,0,1,10,1,3,0
8679,4,0,1,6,2,0,2
8680,16,0,1,4,1,2,1
8681,0,45,0,7,2,1,1
8682,3,0,1,8,1,2,1
8683,0,16,0,7,1,2,1
8684,6,0,1,6,1,3,0
8685,16,0,1,5,2,2,0
8686,0,35,0,5,1,2,1
8687,0,28,0,3,2,1,1
8688,25,0,1,14,1,1,2
8689,16,0,1,2,1,2,1
8690,35,0,1,4,1,1,2
8691,0,11,0,5,1,2,1
8692,2,0,1,12,1,1,2
8693,0,2,0,13,1,1,2
8694,23,0,1,3,1,1,2
8695,79,0,1,3,1,2,1
8696,38,0,1,13,1,1,2
8697,0,2,0,14,1,1,2
8698,80,0,1,5,2,1,1
8699,0,80,0,12,2,0,2
8700,0,15,0,5,1,2,0
8701,16,0,1,16,1,3,0
8702,46,0,1,4,1,1,2
8703,10,0,1,10,1,2,1
8704,58,0,1,6,1,1,2
8705,79,0,1,2,1,1,2
8706,0,80,0,6,2,2,0
8707,0,18,0,9,1,2,1
8708,5,0,1,10,2,1,1
8709,0,26,0,4,2,2,0
8710,0,31,0,7,2,0,2
8711,0,80,0,6,1,1,2
8712,0,69,0,9,1,2,1
8713,36,0,1,8,2,0,2
8714,27,0,1,4,1,2,1
8715,72,0,1,4,1,2,1
8716,10,0,1,4,1,1,2
8717,0,2,0,8,1,1,2
8718,0,18,0,12,2,1,1
8719,2,0,1,6,1,1,2
8720,0,26,0,9,1,3,0
8721,0,80,0,3,1,2,1
8722,4,0,1,4,1,1,2
8723,0,39,0,9,1,2,1
8724,38,0,1,2,1,2,1
8725,0,38,0,5,2,1,1
8726,20,0,1,10,1,2,1
8727,62,0,1,1,3,0,1
8728,0,2,0,11,1,2,1
8729,58,0,1,3,2,1,1
8730,9,0,1,12,2,2,0
8731,10,0,1,9,1,2,1
8732,2,0,1,13,1,2,1
8733,0,13,0,9,2,2,0
8734,0,80,0,3,1,1,2
8735,0,65,0,8,1,2,1
8736,0,15,0,11,1,1,2
8737,0,67,0,12,3,1,0
8738,0,70,0,2,1,3,0
8739,6,0,1,11,1,1,2
8740,0,11,0,8,2,0,2
8741,12,0,1,4,1,1,2
8742,4,0,1,12,2,1,1
8743,80,0,1,10,2,1,1
8744,0,4,0,3,2,1,1
8745,0,3,0,10,1,2,1
8746,80,0,1,3,1,2,1
8747,0,80,0,6,2,1,1
8748,80,0,1,5,1,1,2
8749,4,0,1,11,2,2,0
8750,0,80,0,2,2,1,1
8751,21,0,1,10,1,1,2
8752,0,67,0,12,2,2,0
8753,36,0,1,8,1,3,0
8754,0,80,0,6,3,0,1
8755,0,34,0,5,1,2,1
8756,77,0,1,8,1,1,2
8757,0,58,0,6,2,1,1
8758,0,7,0,11,3,1,0
8759,0,30,0,6,1,1,2
8760,9,0,1,12,2,2,0
8761,38,0,1,5,1,1,2
8762,3,0,1,10,2,1,1
8763,0,22,0,5,1,2,1
8764,49,0,1,10,1,2,1
8765,7,0,1,4,1,2,1
8766,0,39,0,0,1,1,2
8767,0,30,0,3,1,3,0
8768,39,0,1,9,2,2,0
8769,2,0,1,8,1,1,2
8770,80,0,1,3,2,1,1
8771,0,80,0,1,1,2,1
8772,68,0,1,4,2,1,1
8773,21,0,1,7,1,1,2
8774,2,0,1,14,3,0,1
8775,0,17,0,6,1,1,2
8776,0,23,0,4,3,0,1
8777,0,54,0,5,2,2,0
8778,0,17,0,5,2,2,0
8779,0,80,0,6,2,1,1
8780,2,0,1,3,2,1,1
8781,80,0,1,3,1,1,2
8782,0,32,0,3,1,2,1
8783,65,0,1,7,2,1,0
8784,0,29,0,1,1,2,1
8785,7,0,1,14,2,1,1
8786,80,0,1,6,1,1,2
8787,13,0,1,7,1,1,2
8788,2,0,1,8,1,2,1
8789,7,0,1,7,3,0,1
8790,50,0,1,6,1,1,2
8791,37,0,1,9,1,1,2
8792,54,0,1,6,3,1,0
8793,4,0,1,14,1,3,0
8794,42,0,1,7,2,1,1
8795,80,0,1,5,2,1,1
8796,8,0,1,10,1,1,2
8797,27,0,1,13,1,1,2
8798,18,0,1,6,2,1,1
8799,44,0,1,6,1,2,1
8800,0,11,0,9,2,0,2
8801,80,0,1,7,1,2,1
8802,2,0,1,6,1,1,2
8803,33,0,1,3,1,2,1
8804,0,63,0,5,1,2,1
8805,0,66,0,4,2,0,2
8806,77,0,1,2,1,1,2
8807,38,0,1,10,2,1,1
8808,0,80,0,2,1,3,0
8809,51,0,1,2,3,1,0
8810,80,0,1,2,1,1,2
8811,4,0,1,6,1,1,2
8812,13,0,1,7,1,2,1
8813,0,6,0,9,1,3,0
8814,40,0,1,4,1,1,2
8815,12,0,1,10,3,1,0
8816,0,17,0,8,1,1,2
8817,0,80,0,4,2,1,1
8818,80,0,1,4,3,0,1
8819,0,9,0,5,1,1,2
8820,0,19,0,4,1,2,1
8821,0,15,0,9,2,1,1
8822,0,7,0,22,1,2,1
8823,10,0,1,7,1,1,2
8824,0,10,0,5,2,1,1
8825,0,70,0,9,1,1,2
8826,5,0,1,8,2,1,1
8827,0,75,0,2,1,2,1
8828,60,0,1,4,2,1,1
8829,25,0,1,12,2,1,1
8830,0,20,0,9,2,1,1
8831,20,0,1,4,1,1,2
8832,0,12,0,10,2,0,2
8833,0,80,0,6,1,1,2
8834,35,0,1,15,2,1,0
8835,2,0,1,12,1,2,1
8836,4,0,1,5,1,1,2
8837,0,2,0,4,1,2,1
8838,11,0,1,13,1,2,1
8839,0,59,0,0,1,2,1
8840,66,0,1,4,1,2,1
8841,18,0,1,6,1,1,2
8842,21,0,1,5,2,1,1
8843,80,0,1,3,2,1,1
8844,0,43,0,0,1,3,0
8845,28,0,1,3,1,1,2
8846,28,0,1,9,1,1,2
8847,2,0,1,14,1,1,2
8848,2,0,1,10,1,2,1
8849,69,0,1,2,1,2,1
8850,57,0,1,7,2,1,1
8851,7,0,1,9,2,0,2
8852,17,0,1,3,2,1,1
8853,4,0,1,10,1,1,2
8854,0,80,0,4,2,0,2
8855,8,0,1,3,1,2,0
8856,25,0,1,7,1,2,1
8857,41,0,1,5,1,2,1
8858,5,0,1,4,1,3,0
8859,4,0,1,4,1,1,2
8860,0,24,0,4,1,1,2
8861,11,0,1,11,1,3,0
8862,80,0,1,4,1,1,2
8863,14,0,1,4,3,0,1
8864,8,0,1,3,1,1,2
8865,0,23,0,4,1,1,2
8866,40,0,1,6,2,2,0
8867,6,0,1,7,1,1,2
8868,4,0,1,14,2,2,0
8869,0,67,0,4,2,1,1
8870,0,25,0,10,1,2,1
8871,0,27,0,4,1,1,2
8872,25,0,1,7,1,1,2
8873,6,0,1,18,1,1,2
8874,47,0,1,1,1,1,2
8875,0,80,0,5,2,1,1
8876,0,32,0,7,1,1,2
8877,80,0,1,6,1,2,1
8878,3,0,1,10,2,2,0
8879,0,10,0,4,3,1,0
8880,5,0,1,7,2,1,1
8881,0,18,0,9,3,0,1
8882,34,0,1,13,2,0,2
8883,3,0,1,10,1,2,1
8884,35,0,1,4,1,2,1
8885,38,0,1,4,2,1,1
8886,2,0,1,4,1,2,1
8887,0,52,0,12,1,1,2
8888,72,0,1,11,1,3,0
8889,80,0,1,2,1,1,2
8890,7,0,1,4,2,1,1
8891,0,80,0,6,3,1,0
8892,3,0,1,7,1,1,2
8893,73,0,1,2,2,1,1
8894,0,5,0,6,3,0,1
8895,64,0,1,4,1,1,2
8896,0,80,0,2,1,2,1
8897,0,62,0,4,2,0,2
8898,0,72,0,3,2,0,2
8899,64,0,1,5,2,2,0
8900,0,36,0,4,1,2,1
8901,0,80,0,3,1,1,2
8902,0,4,0,15,2,1,1
8903,0,80,0,8,2,1,1
8904,0,7,0,5,1,1,2
8905,16,0,1,7,2,1,1
8906,0,56,0,8,3,0,1
8907,0,30,0,5,2,1,1
8908,9,0,1,9,2,1,1
8909,0,16,0,13,1,1,2
8910,0,80,0,11,1,1,2
8911,0,9,0,10,3,1,0
8912,0,73,0,8,3,0,1
8913,33,0,1,6,2,1,1
8914,38,0,1,13,3,0,1
8915,80,0,1,3,1,3,0
8916,0,73,0,5,1,3,0
8917,12,0,1,4,1,1,2
8918,40,0,1,8,1,2,1
8919,6,0,1,11,1,1,2
8920,0,28,0,3,1,1,2
8921,0,8,0,15,2,1,1
8922,8,0,1,7,1,2,1
8923,0,14,0,3,3,1,0
8924,0,70,0,9,1,1,1
8925,0,27,0,2,1,2,1
8926,80,0,1,4,2,0,2
8927,0,24,0,13,1,1,2
8928,4,0,1,13,2,1,1
8929,0,6,0,9,1,2,1
8930,54,0,1,6,1,1,2
8931,7,0,1,15,1,3,0
8932,0,21,0,6,2,1,1
8933,0,55,0,6,3,1,0
8934,63,0,1,6,2,1,1
8935,37,0,1,6,1,2,1
8936,0,80,0,0,2,1,1
8937,10,0,1,9,2,2,0
8938,6,0,1,6,2,1,1
8939,8,0,1,6,1,1,2
8940,49,0,1,11,1,2,1
8941,80,0,1,4,2,0,2
8942,0,70,0,7,1,1,2
8943,11,0,1,3,1,3,0
8944,0,12,0,9,2,0,2
8945,0,80,0,1,1,1,2
8946,54,0,1,8,2,1,1
8947,65,0,1,4,1,1,2
8948,7,0,1,4,2,2,0
8949,0,80,0,13,2,1,1
8950,7,0,1,6,1,2,1
8951,0,68,0,3,1,1,2
8952,80,0,1,4,1,1,2
8953,0,7,0,10,1,1,2
8954,0,14,0,8,1,1,2
8955,0,42,0,8,2,1,1
8956,0,39,0,4,1,2,1
8957,50,0,1,5,1,1,2
8958,8,0,1,8,1,1,2
8959,0,75,0,7,2,0,2
8960,80,0,1,3,1,2,1
8961,38,0,1,7,2,1,1
8962,66,0,1,3,1,2,1
8963,0,14,0,4,1,1,2
8964,0,51,0,12,1,1,2
8965,0,4,0,14,2,0,1
8966,0,12,0,11,1,2,1
8967,0,80,0,3,3,1,0
8968,31,0,1,3,2,1,1
8969,20,0,1,4,2,2,0
8970,0,30,0,1,1,2,1
8971,13,0,1,11,1,3,0
8972,0,73,0,3,2,1,1
8973,11,0,1,3,1,1,2
8974,57,0,1,5,2,1,1
8975,8,0,1,12,2,1,1
8976,5,0,1,14,1,2,1
8977,29,0,1,5,1,2,1
8978,0,74,0,6,1,1,2
8979,48,0,1,6,2,0,2
8980,0,2,0,13,2,1,1
8981,0,6,0,8,2,1,1
8982,4,0,1,7,1,1,2
8983,0,80,0,1,1,2,1
8984,2,0,1,15,2,0,2
8985,61,0,1,7,2,1,1
8986,0,37,0,8,1,1,2
8987,0,58,0,9,3,0,1
8988,0,36,0,5,1,1,2
8989,2,0,1,7,2,0,2
8990,0,2,0,9,1,1,1
8991,80,0,1,7,2,1,1
8992,0,39,0,5,1,3,0
8993,10,0,1,6,1,2,1
8994,4,0,1,7,1,1,2
8995,54,0,1,7,1,2,1
8996,0,35,0,4,1,2,1
8997,6,0,1,10,2,2,0
8998,19,0,1,10,1,1,2
8999,0,26,0,8,3,1,0
9000,44,0,1,7,2,2,0
9001,0,19,0,9,2,2,0
9002,0,16,0,8,3,1,0
9003,0,70,0,4,1,1,2
9004,29,0,1,3,1,1,2
9005,0,12,0,6,1,1,2
9006,0,9,0,9,1,1,2
9007,0,60,0,4,1,1,2
9008,2,0,1,6,1,1,2
9009,7,0,1,13,2,1,1
9010,15,0,1,5,2,0,2
9011,0,80,0,8,2,0,2
9012,2,0,1,11,2,1,1
9013,80,0,1,5,1,1,2
9014,3,0,1,13,3,1,0
9015,0,70,0,6,2,0,2
9016,0,8,0,15,2,1,1
9017,11,0,1,8,1,2,1
9018,14,0,1,15,1,1,2
9019,9,0,1,10,1,1,2
9020,0,80,0,5,2,1,1
9021,11,0,1,12,1,1,2
9022,45,0,1,6,1,2,0
9023,0,25,0,3,1,1,2
9024,0,43,0,6,2,0,2
9025,6,0,1,16,2,1,1
9026,0,3,0,6,2,1,1
9027,0,20,0,13,1,1,2
9028,0,80,0,6,1,2,0
9029,19,0,1,6,2,1,1
9030,0,80,0,3,2,0,2
9031,0,80,0,6,1,1,2
9032,0,70,0,15,3,1,0
9033,11,0,1,6,2,1,1
9034,0,80,0,15,2,0,2
9035,0,10,0,3,1,1,2
9036,0,24,0,8,2,1,1
9037,2,0,1,6,2,0,2
9038,5,0,1,17,1,2,1
9039,0,4,0,9,1,1,2
9040,4,0,1,12,2,2,0
9041,0,80,0,3,1,2,0
9042,0,8,0,14,1,1,2
9043,17,0,1,11,2,1,1
9044,0,74,0,1,1,1,2
9045,2,0,1,14,2,2,0
9046,0,80,0,7,1,1,2
9047,56,0,1,4,2,1,1
9048,0,75,0,5,2,1,1
9049,43,0,1,2,2,0,2
9050,0,80,0,3,2,2,0
9051,21,0,1,12,1,1,2
9052,10,0,1,4,1,1,2
9053,0,73,0,9,2,2,0
9054,0,30,0,11,2,2,0
9055,0,80,0,5,2,1,1
9056,0,58,0,7,2,1,1
9057,3,0,1,8,3,1,0
9058,0,76,0,7,1,1,1
9059,0,8,0,13,3,0,1
9060,3,0,1,13,1,1,2
9061,0,4,0,6,1,1,2
9062,80,0,1,2,1,2,1
9063,33,0,1,5,1,1,2
9064,0,18,0,3,1,2,1
9065,18,0,1,3,2,2,0
9066,80,0,1,6,1,1,2
9067,46,0,1,6,1,3,0
9068,67,0,1,14,1,3,0
9069,3,0,1,8,3,1,0
9070,2,0,1,11,1,1,2
9071,5,0,1,7,2,1,1
9072,71,0,1,12,1,2,1
9073,0,38,0,4,1,1,2
9074,0,63,0,7,2,1,1
9075,0,19,0,5,1,1,2
9076,0,48,0,6,1,1,2
9077,0,47,0,8,2,0,2
9078,65,0,1,4,1,2,1
9079,6,0,1,5,3,0,1
9080,29,0,1,5,1,1,2
9081,0,14,0,6,1,1,2
9082,0,19,0,8,1,1,2
9083,63,0,1,3,1,1,2
9084,0,79,0,6,2,2,0
9085,0,71,0,4,1,1,2
9086,0,29,0,8,1,1,2
9087,0,6,0,5,2,1,1
9088,7,0,1,10,1,2,1
9089,66,0,1,4,1,2,1
9090,0,59,0,13,3,0,1
9091,0,37,0,6,1,1,2
9092,7,0,1,5,2,1,1
9093,0,79,0,8,1,2,1
9094,52,0,1,3,1,1,2
9095,0,76,0,6,1,1,2
9096,24,0,1,6,1,1,2
9097,0,17,0,4,1,2,1
9098,43,0,1,8,2,1,1
9099,36,0,1,5,1,2,1
9100,2,0,1,11,2,0,2
9101,41,0,1,13,3,0,1
9102,0,6,0,6,1,1,2
9103,56,0,1,5,1,2,1
9104,0,14,0,2,2,1,1
9105,0,80,0,6,1,1,2
9106,0,14,0,11,2,0,2
9107,80,0,1,4,1,1,2
9108,0,18,0,4,2,1,1
9109,16,0,1,4,2,1,1
9110,0,66,0,5,3,1,0
9111,47,0,1,4,3,0,1
9112,0,80,0,3,2,0,2
9113,0,80,0,5,2,0,2
9114,5,0,1,6,1,2,1
9115,61,0,1,4,2,1,1
9116,0,6,0,7,1,1,2
9117,0,18,0,8,1,1,2
9118,61,0,1,4,1,2,1
9119,0,80,0,2,1,2,1
9120,77,0,1,4,2,1,1
9121,0,4,0,11,2,2,0
9122,0,48,0,10,3,0,1
9123,3,0,1,10,1,2,1
9124,0,80,0,11,1,1,2
9125,0,65,0,1,1,1,2
9126,3,0,1,14,2,0,2
9127,0,38,0,9,1,1,2
9128,0,80,0,2,1,3,0
9129,40,0,1,12,1,1,2
9130,17,0,1,3,1,1,2
9131,0,15,0,12,3,0,1
9132,0,80,0,2,1,2,1
9133,0,5,0,9,2,2,0
9134,0,41,0,3,2,1,1
9135,0,54,0,12,2,1,1
9136,0,68,0,6,1,1,2
9137,18,0,1,5,1,2,1
9138,11,0,1,16,1,2,1
9139,4,0,1,12,3,0,1
9140,2,0,1,10,2,0,2
9141,7,0,1,9,2,1,1
9142,80,0,1,6,1,1,2
9143,80,0,1,3,1,1,2
9144,0,10,0,8,1,1,2
9145,0,65,0,4,1,2,1
9146,0,8,0,9,2,1,1
9147,65,0,1,3,1,1,2
9148,0,61,0,7,3,1,0
9149,55,0,1,6,2,1,1
9150,0,44,0,15,1,2,1
9151,69,0,1,16,2,0,2
9152,19,0,1,12,1,1,2
9153,11,0,1,8,2,1,1
9154,80,0,1,2,1,3,0
9155,0,27,0,8,1,2,1
9156,58,0,1,4,4,0,0
9157,0,21,0,7,1,1,2
9158,5,0,1,8,2,1,1
9159,12,0,1,7,2,1,1
9160,50,0,1,9,1,1,2
9161,0,49,0,5,3,0,1
9162,0,38,0,5,1,2,1
9163,5,0,1,11,2,1,1
9164,2,0,1,12,1,1,2
9165,0,80,0,0,1,1,2
9166,42,0,1,6,2,0,2
9167,51,0,1,4,1,1,2
9168,22,0,1,10,1,2,1
9169,0,8,0,5,1,1,2
9170,0,18,0,14,1,3,0
9171,62,0,1,4,1,1,2
9172,4,0,1,8,2,1,1
9173,0,4,0,7,1,2,1
9174,6,0,1,8,2,1,1
9175,0,5,0,10,1,2,1
9176,12,0,1,8,1,2,1
9177,5,0,1,9,2,0,2
9178,10,0,1,9,1,1,2
9179,0,60,0,9,1,1,2
9180,0,80,0,12,3,0,1
9181,43,0,1,12,2,0,2
9182,0,80,0,6,1,2,1
9183,0,80,0,3,2,1,1
9184,5,0,1,10,2,1,1
9185,0,80,0,10,1,2,1
9186,12,0,1,3,1,1,2
9187,0,24,0,15,1,1,2
9188,66,0,1,2,3,0,1
9189,9,0,1,4,2,0,2
9190,0,80,0,5,3,1,0
9191,0,80,0,1,2,2,0
9192,0,27,0,3,2,0,2
9193,2,0,1,4,2,0,2
9194,10,0,1,9,1,1,2
9195,13,0,1,10,3,1,0
9196,8,0,1,5,1,2,1
9197,49,0,1,5,1,1,2
9198,57,0,1,2,2,1,1
9199,8,0,1,8,2,1,1
9200,0,40,0,6,1,2,1
9201,45,0,1,6,2,0,2
9202,0,8,0,9,1,1,2
9203,71,0,1,4,1,2,1
9204,0,4,0,10,2,0,2
9205,80,0,1,12,2,1,1
9206,80,0,1,8,1,3,0
9207,37,0,1,4,1,2,1
9208,0,80,0,7,2,0,2
9209,0,21,0,4,1,2,0
9210,6,0,1,11,2,2,0
9211,0,73,0,6,1,2,1
9212,80,0,1,6,1,2,1
9213,74,0,1,6,1,2,1
9214,0,16,0,6,3,1,0
9215,0,6,0,6,1,1,2
9216,0,25,0,7,1,1,2
9217,0,15,0,4,1,2,1
9218,44,0,1,8,2,0,2
9219,80,0,1,12,3,1,0
9220,32,0,1,7,3,0,1
9221,0,48,0,17,3,1,0
9222,0,55,0,9,2,0,2
9223,0,38,0,19,1,1,2
9224,0,80,0,5,1,1,2
9225,0,80,0,3,1,1,2
9226,0,10,0,5,1,1,2
9227,2,0,1,4,1,2,1
9228,0,9,0,14,2,0,2
9229,40,0,1,3,1,2,1
9230,6,0,1,6,3,0,1
9231,80,0,1,5,1,2,1
9232,7,0,1,13,1,2,1
9233,69,0,1,1,2,0,2
9234,5,0,1,10,1,2,1
9235,76,0,1,8,2,1,1
9236,4,0,1,4,2,1,1
9237,12,0,1,7,1,2,1
9238,7,0,1,4,3,1,0
9239,0,19,0,4,3,0,1
9240,0,2,0,11,1,1,2
9241,19,0,1,7,1,2,1
9242,0,21,0,8,1,2,1
9243,49,0,1,8,1,2,1
9244,80,0,1,2,1,1,2
9245,0,22,0,2,2,0,2
9246,0,36,0,5,1,1,2
9247,14,0,1,14,1,2,1
9248,53,0,1,1,1,2,1
9249,0,68,0,13,1,1,2
9250,16,0,1,10,1,2,1
9251,80,0,1,8,1,1,2
9252,0,42,0,8,2,2,0
9253,40,0,1,4,1,1,2
9254,80,0,1,6,1,1,2
9255,48,0,1,6,2,1,1
9256,0,62,0,9,3,1,0
9257,0,12,0,13,2,0,2
9258,0,78,0,16,2,2,0
9259,0,7,0,6,2,2,0
9260,0,48,0,4,1,1,2
9261,9,0,1,13,2,1,1
9262,32,0,1,12,2,0,2
9263,5,0,1,11,2,0,2
9264,8,0,1,6,1,1,2
9265,0,24,0,5,2,1,1
9266,6,0,1,6,3,1,0
9267,28,0,1,6,1,1,2
9268,0,29,0,5,3,0,1
9269,0,62,0,9,2,1,1
9270,2,0,1,6,1,2,1
9271,80,0,1,3,1,1,2
9272,2,0,1,5,1,2,1
9273,77,0,1,2,3,0,1
9274,0,37,0,7,1,1,2
9275,0,22,0,5,3,0,1
9276,0,5,0,8,2,1,1
9277,0,28,0,0,2,1,1
9278,0,2,0,16,1,1,2
9279,70,0,1,5,1,1,2
9280,80,0,1,3,1,1,2
9281,0,80,0,8,1,1,2
9282,6,0,1,14,2,1,1
9283,24,0,1,7,2,1,1
9284,0,61,0,6,1,3,0
9285,0,80,0,11,2,0,2
9286,0,54,0,6,3,1,0
9287,80,0,1,5,1,1,2
9288,0,52,0,4,1,1,2
9289,12,0,1,11,2,1,1
9290,37,0,1,7,1,2,0
9291,53,0,1,7,1,2,1
9292,2,0,1,8,1,1,2
9293,6,0,1,9,1,2,1
9294,0,69,0,5,1,1,2
9295,21,0,1,5,1,2,1
9296,0,12,0,5,2,1,1
9297,32,0,1,9,2,0,2
9298,0,80,0,0,1,3,0
9299,80,0,1,5,2,1,1
9300,0,39,0,4,2,1,1
9301,80,0,1,3,2,1,1
9302,0,71,0,3,1,2,1
9303,0,53,0,6,1,1,2
9304,8,0,1,7,1,1,2
9305,0,54,0,6,1,1,2
9306,4,0,1,11,1,2,1
9307,25,0,1,3,1,1,2
9308,0,19,0,8,3,1,0
9309,0,56,0,1,1,2,1
9310,64,0,1,2,1,2,1
9311,18,0,1,6,2,1,1
9312,80,0,1,10,1,1,2
9313,0,50,0,12,3,0,1
9314,34,0,1,3,1,1,2
9315,55,0,1,6,1,1,2
9316,37,0,1,14,1,1,2
9317,0,38,0,2,1,1,2
9318,0,69,0,6,1,2,1
9319,0,73,0,6,2,0,2
9320,0,79,0,14,2,1,1
9321,80,0,1,9,3,0,1
9322,24,0,1,6,1,2,1
9323,0,10,0,8,2,1,1
9324,0,46,0,2,2,1,1
9325,9,0,1,13,2,0,2
9326,0,21,0,5,2,1,1
9327,80,0,1,5,1,1,2
9328,0,17,0,5,2,2,0
9329,19,0,1,9,1,1,2
9330,0,25,0,8,1,2,1
9331,0,8,0,15,1,1,2
9332,0,30,0,13,2,1,1
9333,2,0,1,14,1,2,1
9334,27,0,1,6,1,1,2
9335,0,19,0,5,2,2,0
9336,4,0,1,6,1,1,2
9337,2,0,1,16,2,1,1
9338,8,0,1,7,1,2,1
9339,0,47,0,12,1,3,0
9340,0,75,0,9,1,1,2
9341,0,65,0,4,1,1,2
9342,35,0,1,9,1,2,1
9343,17,0,1,2,1,2,1
9344,80,0,1,14,1,2,1
9345,60,0,1,3,2,1,1
9346,33,0,1,12,1,1,2
9347,0,2,0,10,2,1,0
9348,0,39,0,4,2,1,1
9349,16,0,1,12,3,1,0
9350,23,0,1,6,2,1,1
9351,0,10,0,6,2,2,0
9352,0,34,0,8,1,2,1
9353,0,62,0,3,1,2,1
9354,57,0,1,8,2,2,0
9355,0,80,0,8,2,1,1
9356,26,0,1,6,1,1,2
9357,14,0,1,5,2,1,1
9358,0,45,0,4,1,1,2
9359,0,31,0,4,1,1,2
9360,2,0,1,7,2,0,2
9361,0,43,0,5,1,2,1
9362,0,80,0,9,2,2,0
9363,0,26,0,4,1,1,2
9364,23,0,1,8,1,1,2
9365,0,34,0,8,1,1,2
9366,0,30,0,10,2,1,1
9367,2,0,1,7,1,1,2
9368,0,66,0,6,2,1,1
9369,0,58,0,7,1,2,1
9370,40,0,1,2,1,1,2
9371,0,80,0,3,1,2,1
9372,0,80,0,3,2,1,1
9373,0,7,0,14,3,1,0
9374,0,8,0,8,2,0,2
9375,6,0,1,14,1,1,2
9376,0,80,0,5,2,0,2
9377,0,6,0,5,2,1,1
9378,58,0,1,12,1,2,1
9379,9,0,1,10,3,0,1
9380,32,0,1,12,2,1,1
9381,80,0,1,3,1,3,0
9382,0,6,0,10,2,1,1
9383,7,0,1,6,1,1,2
9384,80,0,1,3,1,1,2
9385,0,30,0,8,2,1,1
9386,6,0,1,8,2,1,1
9387,0,80,0,12,3,0,1
9388,80,0,1,6,2,2,0
9389,38,0,1,9,1,1,2
9390,42,0,1,3,1,1,2
9391,0,16,0,7,1,2,1
9392,5,0,1,5,2,1,1
9393,0,80,0,2,1,2,1
9394,0,11,0,7,1,2,1
9395,0,21,0,4,2,0,2
9396,0,80,0,8,2,0,2
9397,80,0,1,10,1,2,1
9398,0,34,0,7,1,1,2
9399,0,8,0,21,1,1,2
9400,80,0,1,3,1,1,2
9401,0,80,0,1,1,1,2
9402,5,0,1,9,2,1,1
9403,2,0,1,4,1,1,2
9404,57,0,1,7,1,2,1
9405,0,9,0,9,2,1,1
9406,61,0,1,4,2,0,2
9407,39,0,1,11,1,2,1
9408,24,0,1,3,1,1,2
9409,0,80,0,8,2,1,1
9410,2,0,1,5,2,1,1
9411,15,0,1,6,1,2,1
9412,0,36,0,6,1,2,1
9413,11,0,1,6,2,1,1
9414,0,3,0,5,1,1,2
9415,3,0,1,5,2,1,1
9416,0,22,0,7,1,2,1
9417,80,0,1,2,1,3,0
9418,0,13,0,6,2,0,2
9419,10,0,1,13,2,2,0
9420,5,0,1,5,2,1,1
9421,0,80,0,6,1,1,2
9422,0,80,0,11,2,0,2
9423,64,0,1,6,2,1,1
9424,0,23,0,9,1,2,1
9425,0,11,0,8,1,1,2
9426,2,0,1,10,3,1,0
9427,0,36,0,3,1,3,0
9428,0,80,0,2,3,0,1
9429,0,51,0,11,3,1,0
9430,0,14,0,9,1,1,2
9431,5,0,1,4,2,1,1
9432,0,30,0,4,2,1,1
9433,0,3,0,7,3,0,1
9434,78,0,1,3,1,2,1
9435,8,0,1,8,2,1,1
9436,0,62,0,9,2,0,2
9437,0,24,0,10,2,2,0
9438,0,26,0,8,1,1,2
9439,11,0,1,5,1,1,2
9440,17,0,1,6,2,1,1
9441,59,0,1,6,2,0,2
9442,66,0,1,5,1,2,1
9443,54,0,1,7,2,0,2
9444,11,0,1,6,2,0,2
9445,3,0,1,5,2,1,1
9446,53,0,1,4,1,1,2
9447,80,0,1,6,2,1,1
9448,0,77,0,10,4,0,0
9449,8,0,1,9,2,2,0
9450,0,26,0,4,2,1,1
9451,21,0,1,5,3,0,1
9452,0,23,0,3,1,1,2
9453,60,0,1,2,1,1,2
9454,4,0,1,11,1,1,2
9455,0,45,0,2,1,2,1
9456,80,0,1,6,1,3,0
9457,39,0,1,7,2,1,1
9458,0,80,0,1,1,2,1
9459,0,48,0,5,2,1,1
9460,77,0,1,8,1,2,1
9461,4,0,1,17,2,1,1
9462,0,77,0,2,1,2,1
9463,0,56,0,8,1,2,1
9464,40,0,1,2,2,1,1
9465,0,30,0,7,2,2,0
9466,79,0,1,2,1,2,1
9467,0,40,0,6,1,2,1
9468,0,12,0,6,1,3,0
9469,0,10,0,7,2,2,0
9470,26,0,1,13,2,0,2
9471,34,0,1,11,1,2,1
9472,0,77,0,3,3,1,0
9473,56,0,1,5,1,2,1
9474,3,0,1,10,1,2,1
9475,0,8,0,7,1,1,2
9476,0,9,0,3,2,0,2
9477,0,80,0,7,1,1,2
9478,0,33,0,11,2,0,2
9479,0,40,0,4,1,2,1
9480,43,0,1,8,2,2,0
9481,8,0,1,6,2,1,1
9482,8,0,1,10,2,0,2
9483,0,28,0,11,1,1,2
9484,0,18,0,14,2,1,0
9485,0,5,0,12,2,2,0
9486,7,0,1,10,1,1,2
9487,0,80,0,1,2,0,2
9488,0,69,0,7,3,0,1
9489,48,0,1,5,2,1,1
9490,0,70,0,8,2,1,1
9491,0,16,0,4,3,1,0
9492,0,4,0,16,1,2,1
9493,0,28,0,6,1,2,1
9494,70,0,1,4,2,1,1
9495,25,0,1,5,1,2,1
9496,8,0,1,10,2,1,1
9497,16,0,1,7,1,1,2
9498,0,30,0,4,3,1,0
9499,22,0,1,5,1,1,2
9500,50,0,1,5,2,1,0
9501,80,0,1,1,2,2,0
9502,11,0,1,6,1,1,2
9503,13,0,1,3,2,1,1
9504,8,0,1,12,1,1,2
9505,56,0,1,8,3,1,0
9506,0,2,0,12,1,1,2
9507,42,0,1,4,2,2,0
9508,42,0,1,12,2,1,1
9509,0,17,0,5,2,0,2
9510,3,0,1,7,1,2,1
9511,23,0,1,7,2,1,1
9512,5,0,1,12,1,3,0
9513,0,47,0,11,1,1,2
9514,0,39,0,15,2,1,1
9515,0,80,0,15,1,2,1
9516,0,20,0,5,2,1,1
9517,2,0,1,12,1,1,2
9518,0,9,0,9,2,1,1
9519,5,0,1,6,1,2,1
9520,67,0,1,6,3,1,0
9521,0,11,0,10,1,1,2
9522,4,0,1,13,2,1,1
9523,0,25,0,11,2,0,2
9524,52,0,1,2,1,1,2
9525,0,12,0,7,1,1,2
9526,0,59,0,5,1,3,0
9527,0,12,0,3,2,1,1
9528,28,0,1,7,1,2,1
9529,53,0,1,7,1,1,2
9530,15,0,1,14,1,1,2
9531,19,0,1,7,1,2,1
9532,10,0,1,11,1,2,0
9533,0,10,0,3,1,1,2
9534,61,0,1,5,2,1,1
9535,13,0,1,5,3,0,1
9536,0,80,0,4,3,1,0
9537,0,80,0,2,1,1,2
9538,80,0,1,15,1,1,2
9539,53,0,1,4,2,0,2
9540,0,10,0,14,1,2,1
9541,0,16,0,5,2,1,1
9542,0,56,0,13,3,1,0
9543,35,0,1,7,2,2,0
9544,0,80,0,11,2,2,0
9545,0,26,0,2,1,3,0
9546,53,0,1,6,1,3,0
9547,0,80,0,0,1,1,2
9548,0,2,0,4,1,1,2
9549,3,0,1,4,1,2,1
9550,2,0,1,11,1,2,1
9551,5,0,1,10,2,1,1
9552,0,34,0,7,2,1,1
9553,19,0,1,6,2,1,1
9554,0,80,0,3,1,1,2
9555,0,29,0,8,2,0,2
9556,0,4,0,3,4,0,0
9557,77,0,1,5,3,0,1
9558,4,0,1,9,1,2,1
9559,2,0,1,11,3,0,1
9560,0,3,0,9,3,0,1
9561,0,80,0,5,1,1,2
9562,8,0,1,9,3,0,1
9563,57,0,1,3,1,1,2
9564,7,0,1,9,3,0,1
9565,18,0,1,13,2,1,1
9566,80,0,1,5,1,1,2
9567,20,0,1,5,1,1,2
9568,0,80,0,3,2,1,1
9569,0,22,0,5,2,1,1
9570,16,0,1,4,1,1,2
9571,3,0,1,11,1,2,1
9572,0,80,0,8,2,1,1
9573,0,39,0,11,1,1,2
9574,22,0,1,8,1,2,1
9575,9,0,1,4,2,1,1
9576,33,0,1,11,1,2,1
9577,80,0,1,4,1,2,1
9578,2,0,1,7,2,1,0
9579,4,0,1,5,1,2,1
9580,42,0,1,7,2,1,1
9581,0,18,0,11,1,2,1
9582,80,0,1,2,1,1,2
9583,0,29,0,3,1,3,0
9584,80,0,1,19,1,1,2
9585,18,0,1,10,2,1,1
9586,0,66,0,7,2,1,1
9587,0,30,0,1,1,1,2
9588,15,0,1,6,1,1,2
9589,80,0,1,2,2,1,1
9590,0,80,0,2,2,1,1
9591,37,0,1,2,1,1,2
9592,80,0,1,2,1,3,0
9593,0,12,0,10,1,1,2
9594,35,0,1,4,2,0,2
9595,0,54,0,4,1,2,0
9596,8,0,1,9,1,1,2
9597,9,0,1,4,2,0,2
9598,18,0,1,10,1,2,1
9599,0,2,0,9,2,1,1
9600,65,0,1,4,1,1,2
9601,22,0,1,8,2,0,2
9602,0,63,0,7,1,1,2
9603,0,30,0,10,1,2,1
9604,0,10,0,12,2,2,0
9605,0,80,0,6,1,1,2
9606,26,0,1,6,2,0,2
9607,25,0,1,6,1,2,1
9608,0,46,0,9,2,0,2
9609,54,0,1,4,2,2,0
9610,21,0,1,7,1,1,1
9611,0,18,0,5,1,3,0
9612,0,16,0,7,1,1,2
9613,10,0,1,9,1,1,2
9614,0,12,0,6,1,1,2
9615,61,0,1,5,1,1,2
9616,0,72,0,5,3,1,0
9617,0,2,0,12,2,1,1
9618,0,80,0,5,1,2,1
9619,0,66,0,6,1,1,2
9620,16,0,1,9,1,1,2
9621,0,68,0,6,1,2,1
9622,80,0,1,1,1,2,1
9623,0,66,0,13,1,2,1
9624,0,17,0,9,2,1,0
9625,10,0,1,11,2,0,2
9626,0,64,0,3,1,1,2
9627,0,3,0,5,2,1,1
9628,0,57,0,9,2,0,2
9629,80,0,1,3,3,1,0
9630,30,0,1,3,1,2,1
9631,0,16,0,12,3,0,1
9632,57,0,1,3,1,1,2
9633,0,80,0,1,1,1,2
9634,9,0,1,5,1,3,0
9635,0,80,0,7,2,1,1
9636,12,0,1,7,3,0,1
9637,0,69,0,1,1,1,2
9638,0,79,0,13,2,1,1
9639,3,0,1,3,1,1,2
9640,0,17,0,4,2,0,2
9641,33,0,1,10,2,0,2
9642,12,0,1,10,2,1,1
9643,12,0,1,4,1,1,2
9644,0,59,0,3,1,1,2
9645,5,0,1,8,1,1,2
9646,0,28,0,9,1,1,2
9647,0,14,0,9,1,2,0
9648,16,0,1,18,2,2,0
9649,42,0,1,3,3,0,1
9650,56,0,1,9,2,1,1
9651,0,80,0,6,1,2,0
9652,0,14,0,8,1,1,1
9653,9,0,1,9,2,1,1
9654,0,13,0,7,1,2,1
9655,80,0,1,4,1,2,1
9656,50,0,1,8,1,1,2
9657,2,0,1,9,2,1,1
9658,33,0,1,6,3,0,1
9659,58,0,1,10,1,1,2
9660,9,0,1,9,3,0,1
9661,0,80,0,3,1,1,2
9662,57,0,1,2,1,2,1
9663,9,0,1,7,1,1,2
9664,0,4,0,9,2,1,1
9665,24,0,1,2,1,1,2
9666,0,20,0,5,2,2,0
9667,16,0,1,7,2,1,1
9668,80,0,1,3,1,1,2
9669,0,60,0,8,2,1,1
9670,0,10,0,8,2,0,2
9671,0,24,0,11,2,1,1
9672,0,62,0,15,1,2,1
9673,39,0,1,10,2,1,1
9674,0,4,0,6,1,1,2
9675,12,0,1,6,1,1,2
9676,24,0,1,6,1,2,1
9677,80,0,1,4,1,1,2
9678,7,0,1,9,2,1,1
9679,2,0,1,7,3,1,0
9680,36,0,1,9,1,1,2
9681,80,0,1,6,2,1,1
9682,0,80,0,6,1,3,0
9683,4,0,1,15,2,2,0
9684,56,0,1,7,1,1,2
9685,57,0,1,4,1,2,1
9686,13,0,1,11,2,1,1
9687,0,80,0,2,2,1,1
9688,0,18,0,8,2,0,2
9689,36,0,1,8,1,1,2
9690,0,34,0,12,1,1,2
9691,0,15,0,10,2,1,1
9692,8,0,1,8,1,1,2
9693,2,0,1,9,1,1,2
9694,0,15,0,13,1,2,1
9695,0,80,0,6,2,1,1
9696,0,42,0,2,1,1,1
9697,46,0,1,12,2,0,2
9698,0,50,0,8,1,1,2
9699,0,62,0,9,1,1,2
9700,0,71,0,12,1,1,2
9701,40,0,1,2,2,1,1
9702,14,0,1,11,1,1,2
9703,0,78,0,8,2,1,1
9704,38,0,1,4,2,1,1
9705,0,17,0,7,2,2,0
9706,5,0,1,6,1,2,1
9707,0,27,0,6,2,0,2
9708,70,0,1,2,2,0,2
9709,0,54,0,11,3,0,1
9710,0,55,0,7,1,1,2
9711,2,0,1,4,2,1,1
9712,23,0,1,14,1,2,1
9713,2,0,1,6,1,1,2
9714,5,0,1,12,2,1,1
9715,80,0,1,8,2,1,1
9716,80,0,1,9,1,1,2
9717,72,0,1,2,2,2,0
9718,0,51,0,8,2,0,2
9719,25,0,1,5,1,1,2
9720,0,42,0,4,3,1,0
9721,10,0,1,15,2,2,0
9722,24,0,1,5,2,0,2
9723,26,0,1,11,1,2,1
9724,0,9,0,11,2,0,2
9725,0,68,0,7,1,1,2
9726,2,0,1,5,2,1,1
9727,0,64,0,6,1,1,2
9728,0,42,0,6,1,2,1
9729,6,0,1,4,1,1,2
9730,8,0,1,3,1,2,1
9731,80,0,1,4,1,1,2
9732,0,52,0,3,1,2,0
9733,0,39,0,9,1,1,2
9734,0,79,0,6,1,1,2
9735,80,0,1,7,1,1,2
9736,15,0,1,5,1,1,2
9737,0,57,0,8,2,1,1
9738,5,0,1,15,1,1,2
9739,80,0,1,3,1,3,0
9740,0,45,0,7,2,1,1
9741,5,0,1,6,2,2,0
9742,0,58,0,7,1,1,2
9743,14,0,1,2,3,1,0
9744,0,15,0,9,2,1,1
9745,0,73,0,4,2,2,0
9746,0,71,0,14,2,0,2
9747,67,0,1,5,2,0,2
9748,9,0,1,10,1,1,2
9749,47,0,1,7,3,0,1
9750,0,80,0,7,1,2,1
9751,80,0,1,5,1,2,1
9752,53,0,1,6,2,2,0
9753,52,0,1,6,1,2,1
9754,0,80,0,0,1,1,2
9755,0,80,0,4,2,1,1
9756,0,12,0,5,1,1,2
9757,50,0,1,5,2,2,0
9758,41,0,1,5,1,1,2
9759,0,28,0,3,1,1,2
9760,80,0,1,3,2,0,2
9761,0,80,0,3,1,1,2
9762,2,0,1,11,1,1,2
9763,0,78,0,1,1,1,2
9764,27,0,1,10,1,3,0
9765,0,17,0,8,2,1,1
9766,0,19,0,3,1,2,1
9767,0,18,0,3,2,1,1
9768,56,0,1,4,3,1,0
9769,0,80,0,13,1,1,2
9770,73,0,1,2,1,3,0
9771,0,8,0,6,3,0,1
9772,0,80,0,5,1,1,2
9773,3,0,1,5,1,1,2
9774,0,16,0,6,2,1,1
9775,8,0,1,8,1,1,2
9776,0,79,0,11,2,1,1
9777,54,0,1,3,1,1,2
9778,0,4,0,11,2,1,1
9779,0,27,0,8,1,1,2
9780,80,0,1,11,2,2,0
9781,0,39,0,11,1,1,2
9782,46,0,1,7,3,1,0
9783,0,69,0,4,1,2,1
9784,0,80,0,10,2,1,1
9785,0,4,0,9,1,2,1
9786,0,48,0,3,2,0,2
9787,22,0,1,4,2,0,2
9788,0,32,0,9,3,0,1
9789,73,0,1,2,1,1,1
9790,3,0,1,13,1,2,1
9791,0,27,0,7,1,1,2
9792,0,80,0,3,2,1,1
9793,0,68,0,8,1,2,1
9794,0,67,0,8,3,0,1
9795,0,2,0,9,2,0,2
9796,9,0,1,4,3,1,0
9797,0,7,0,6,1,1,2
9798,0,23,0,8,1,2,1
9799,0,15,0,8,1,1,1
9800,0,44,0,6,2,1,1
9801,0,71,0,9,2,0,2
9802,0,17,0,4,1,1,2
9803,0,59,0,16,1,1,2
9804,0,18,0,2,1,2,1
9805,7,0,1,6,2,2,0
9806,0,6,0,7,1,2,0
9807,80,0,1,5,1,2,1
9808,33,0,1,9,2,2,0
9809,8,0,1,7,1,2,1
9810,47,0,1,10,1,1,2
9811,72,0,1,6,1,1,2
9812,0,28,0,6,1,2,1
9813,0,56,0,8,2,0,2
9814,0,58,0,16,2,0,2
9815,58,0,1,5,1,1,2
9816,2,0,1,11,2,0,2
9817,9,0,1,5,2,0,2
9818,0,6,0,10,1,1,2
9819,45,0,1,9,2,1,1
9820,12,0,1,7,3,0,1
9821,0,69,0,6,2,1,1
9822,43,0,1,4,2,1,1
9823,9,0,1,9,2,2,0
9824,16,0,1,6,1,1,2
9825,0,55,0,5,1,1,2
9826,0,77,0,2,2,1,1
9827,43,0,1,9,1,2,1
9828,64,0,1,4,1,3,0
9829,0,13,0,5,2,0,2
9830,40,0,1,7,2,2,0
9831,0,3,0,9,1,1,2
9832,6,0,1,10,1,1,2
9833,0,24,0,5,1,2,1
9834,16,0,1,7,2,0,2
9835,0,80,0,4,2,1,1
9836,0,80,0,6,2,0,2
9837,0,12,0,9,3,1,0
9838,44,0,1,5,2,1,1
9839,0,24,0,3,1,1,2
9840,0,24,0,8,3,0,1
9841,28,0,1,5,2,0,2
9842,0,80,0,5,2,1,1
9843,0,56,0,7,1,3,0
9844,0,17,0,11,1,1,2
9845,13,0,1,4,1,2,1
9846,80,0,1,1,1,2,1
9847,68,0,1,11,1,2,1
9848,0,12,0,6,1,3,0
9849,0,19,0,6,1,2,1
9850,54,0,1,3,1,1,2
9851,80,0,1,3,1,2,1
9852,0,3,0,5,1,1,2
9853,0,80,0,4,1,1,2
9854,5,0,1,17,2,1,1
9855,10,0,1,6,1,1,2
9856,0,12,0,9,2,0,2
9857,0,7,0,8,2,0,2
9858,0,80,0,4,2,1,1
9859,0,38,0,7,1,1,2
9860,0,2,0,7,1,1,2
9861,0,11,0,15,2,1,1
9862,13,0,1,17,1,2,1
9863,0,60,0,3,2,1,1
9864,0,20,0,6,2,0,2
9865,16,0,1,3,1,1,2
9866,35,0,1,13,3,1,0
9867,80,0,1,2,1,3,0
9868,0,79,0,7,2,2,0
9869,0,61,0,2,2,0,2
9870,27,0,1,6,1,1,2
9871,0,17,0,13,3,0,1
9872,80,0,1,3,1,3,0
9873,7,0,1,8,1,1,2
9874,0,80,0,9,1,1,2
9875,43,0,1,6,1,2,1
9876,10,0,1,11,2,1,1
9877,0,19,0,3,2,1,1
9878,0,25,0,6,1,3,0
9879,0,70,0,2,1,1,2
9880,0,10,0,5,1,1,2
9881,0,59,0,5,2,0,2
9882,0,16,0,8,2,1,1
9883,0,79,0,2,1,3,0
9884,9,0,1,2,1,2,1
9885,0,23,0,8,1,1,1
9886,0,79,0,9,2,1,1
9887,24,0,1,3,1,2,1
9888,0,17,0,7,2,0,2
9889,80,0,1,6,1,1,2
9890,33,0,1,8,1,2,1
9891,13,0,1,9,1,1,2
9892,0,48,0,9,1,1,1
9893,0,10,0,6,2,0,2
9894,12,0,1,8,2,1,1
9895,4,0,1,13,2,0,2
9896,12,0,1,5,2,0,2
9897,0,15,0,6,1,2,1
9898,36,0,1,5,1,2,1
9899,0,42,0,6,1,2,1
9900,0,4,0,9,2,0,2
9901,0,16,0,11,1,1,2
9902,0,46,0,1,2,1,1
9903,8,0,1,6,1,2,1
9904,55,0,1,2,1,2,1
9905,0,17,0,9,1,1,2
9906,0,40,0,3,1,1,1
9907,13,0,1,3,1,2,1
9908,0,16,0,8,1,1,2
9909,0,60,0,5,1,2,1
9910,63,0,1,2,1,1,2
9911,2,0,1,19,2,1,1
9912,19,0,1,2,1,1,2
9913,0,10,0,5,2,1,1
9914,0,58,0,10,1,1,2
9915,4,0,1,13,3,0,1
9916,3,0,1,10,3,0,1
9917,80,0,1,1,1,1,2
9918,2,0,1,14,2,0,1
9919,0,20,0,7,1,1,2
9920,7,0,1,9,1,1,2
9921,0,25,0,8,1,2,1
9922,9,0,1,10,1,3,0
9923,0,27,0,8,1,2,1
9924,4,0,1,13,1,1,2
9925,40,0,1,4,1,1,2
9926,0,22,0,13,1,1,2
9927,80,0,1,8,2,1,1
9928,0,47,0,4,2,0,2
9929,14,0,1,7,1,1,2
9930,15,0,1,4,2,2,0
9931,17,0,1,9,1,2,1
9932,24,0,1,2,2,1,1
9933,7,0,1,9,2,1,1
9934,21,0,1,14,1,2,1
9935,50,0,1,2,1,2,1
9936,6,0,1,7,2,1,1
9937,54,0,1,5,2,1,1
9938,4,0,1,19,1,1,2
9939,43,0,1,4,1,2,1
9940,0,66,0,5,4,0,0
9941,2,0,1,4,1,2,1
9942,32,0,1,8,2,1,1
9943,0,42,0,6,3,0,1
9944,80,0,1,5,1,2,1
9945,6,0,1,10,1,2,1
9946,72,0,1,2,1,2,1
9947,0,10,0,7,1,1,1
9948,0,80,0,3,2,0,2
9949,8,0,1,11,2,1,1
9950,20,0,1,1,1,3,0
9951,0,80,0,8,1,1,2
9952,80,0,1,12,1,1,2
9953,7,0,1,9,1,2,1
9954,21,0,1,7,1,2,1
9955,44,0,1,3,3,1,0
9956,8,0,1,5,2,1,1
9957,49,0,1,5,1,2,1
9958,80,0,1,3,1,1,2
9959,0,14,0,7,1,3,0
9960,4,0,1,20,1,1,2
9961,12,0,1,5,1,2,1
9962,37,0,1,5,1,1,2
9963,17,0,1,6,1,2,1
9964,0,12,0,9,1,2,1
9965,0,2,0,9,1,1,2
9966,0,15,0,4,2,1,1
9967,0,22,0,10,2,1,1
9968,7,0,1,10,2,1,1
9969,42,0,1,7,1,1,2
9970,0,43,0,5,2,1,1
9971,43,0,1,9,1,2,1
9972,0,72,0,2,1,1,2
9973,80,0,1,11,2,0,2
9974,0,22,0,3,2,1,1
9975,21,0,1,6,2,1,1
9976,3,0,1,10,2,2,0
9977,3,0,1,4,3,0,1
9978,56,0,1,3,1,1,2
9979,51,0,1,3,1,2,1
9980,6,0,1,9,1,1,2
9981,0,23,0,1,2,0,2
9982,3,0,1,5,1,1,2
9983,80,0,1,5,1,3,0
9984,0,20,0,4,1,1,2
9985,5,0,1,19,1,3,0
9986,2,0,1,19,2,2,0
9987,22,0,1,5,1,2,1
9988,23,0,1,8,2,2,0
9989,9,0,1,20,1,3,0
9990,17,0,1,12,1,1,2
9991,4,0,1,9,1,1,1
9992,30,0,1,9,1,2,1
9993,21,0,1,9,1,2,1
9994,17,0,1,5,1,1,2
9995,0,8,0,15,2,1,1
9996,0,69,0,19,2,1,1
9997,0,79,0,9,1,1,2
9998,43,0,1,12,2,1,1
9999,13,0,1,7,1,2,1
